0 1 2 3 4 5 6 7 8 9 10 11 12 13 14 15 16 17 18 19 20 21 22 23 24 25 26 27 28 29 30 31 32 33 34 35 36 37 38 39 40 41 42 43 44 45 46 47 48 49 50 51 52 53 54 55 56 57 58 59 60 61 62 63 64 65 66 67 71 72 77 78 85 86 96 97
68 69 70 73 74 75 76 79 80 81 82 83 84 87 90 91 92 93 94 95 98 101 102 103 104 105 106 107 108 110 111 112 113 114 115 116 120 121 122 123 124 125 126 127 128 129 130 131 132 133 138 139 140 141 142 143 144 145 146 147 148 149 150 157 158 159 160 161 162 163 164 165 166 167 168 169 170 171 178 179 180 181 182 192 193 194 195 196 205 206 207 208 209 210 219 220 221 222 223 229 230 231 232 233 234 242 243 244 245
88 89 99 100 109 117 118 119 134 135 136 137 151 152 153 154 155 156 172 173 174 175 176 177 183 184 185 186 187 188 189 190 191 197 198 199 200 201 202 203 204 211 212 213 214 215 216 217 218 224 225 226 227 228 237 238 239 240 241 251 252 253 254 259 260 261 267 268 269 270 271 277 278 284 285 294 295 303 304 305 306 307 312 313 314 315 316 317 322 323 324 325 326 327 337
246 247 255 256 257 262 263 264 272 273 274 275 279 280 281 286 287 288 289 290 291 296 297 298 299 300 308 309 318 319 328 329 330 331 332 338 339 340 341 348 349 350 351 357 358 359 360 361 369 370 371 372 373 374 387 388 389 390 400 401 402 412 414 427 428 432 433 446 447 448 450 451 452 461 462 464 477 478 479 482 483 484 492 493 498 499 500 501 509 510 515 526 527 548 549 568 569 570 571 572 587 588 589 590 603 604 605 606 613 614 622 623
235 236 248 249 250 258 265 266 276 282 283 292 293 301 302 310 311 320 321 333 334 335 336 342 343 344 345 352 353 362 363 364 375 376 377 378 379 380 381 391 392 393 394 395 396 397 403 404 405 406 407 408 415 416 417 418 419 434 435 436 437 438 453 454 455 465 466 485 502 516 532 533 534 555 556 557 577 578 579 580 592 593 594 595 596 597 608 609 610 616 617 618 619 626 627 628 629 638 639 640 650 651 652 667 668
346 347 354 355 356 365 366 367 368 382 383 384 385 386 398 399 409 410 411 420 421 422 423 424 425 426 439 440 441 442 443 444 445 456 457 458 459 460 467 468 469 470 471 472 473 474 475 476 486 487 488 489 490 491 503 504 505 506 507 508 517 518 519 520 521 522 523 524 525 535 536 537 538 539 540 541 542 543 544 545 546 547 558 559 560 561 562 563 564 565 566 567 581 582 583 584 585 586 600 601 602 612
413 429 430 431 449 463 480 481 494 495 496 497 511 512 513 514 528 529 530 531 550 551 552 553 554 573 574 575 576 591 607 615 624 625 635 636 637 648 649 666 678 679 689 690 691 692 699 700 701 702 703 710 711 712 713 720 721 722 723 724 725 733 734 735 736 737 738 739 740 741 742 749 750 753 755 760 765 766 767 773 774 779 780 790 791 797 798 799 808 809 814 815 816 825 826
598 599 611 620 621 630 631 632 633 641 642 643 644 645 653 654 655 656 657 658 659 660 661 669 670 671 672 673 674 680 681 682 683 693 694 704 705 714 715 726 727 728 729 743 744 745 746 756 757 769 782 802 803 820 821 822 838 839 847 848 859 860 861 877 894 895 917 918 938 949 950 964 965 980 981 982 998 999 1000 1001 1016 1017 1018 1019 1020 1021 1022 1023 1034 1035 1036
634 646 647 662 663 664 665 675 676 677 684 685 686 687 688 695 696 697 698 706 707 708 709 716 717 718 719 730 731 732 747 748 758 759 770 771 772 783 784 785 786 787 788 789 804 805 806 807 823 824 840 841 849 850 851 862 863 864 865 866 867 868 878 879 880 881 882 896 897 898 899 900 901 902 919 920 921 922 923 924 939 940 941 951 952 953 954 966 967 968 969 983 984 1002 1003 1004 1005 1024 1025 1037 1038 1045 1046 1052 1053 1061 1062 1071 1072 1078
751 752 761 762 763 764 775 776 777 778 792 793 794 795 796 810 811 812 813 827 828 829 830 842 843 844 852 853 854 855 869 870 871 872 883 884 885 886 887 903 904 905 906 907 908 909 925 926 927 928 929 930 942 943 944 945 946 955 956 957 958 970 971 972 973 985 986 987 988 989 990 1006 1007 1008 1009 1010 1011 1026 1027 1028 1029 1030 1031 1032 1039 1040 1041 1047 1048 1049 1050 1054 1055 1056 1057 1063 1064 1065 1073 1074
754 768 781 800 801 817 818 819 831 832 833 834 835 836 837 845 846 856 857 858 873 874 875 876 888 889 890 891 892 893 910 911 912 913 914 915 916 931 932 933 934 935 936 937 947 948 959 960 961 962 963 974 975 976 977 978 979 991 992 993 994 995 996 997 1012 1013 1014 1015 1033 1042 1043 1044 1051 1058 1059 1060 1066 1067 1068 1069 1070 1075 1076 1077 1079
