0.125223	0	0
416	416	0

100	100	0
97	97	0

115	115	0
94	94	0

95	95	0
115	115	0

92	92	0
96	96	0

96	96	0
114	114	0

416	416	0
121	121	0

118	118	0
92	92	0

121	121	0
118	118	0

113	113	0
112	112	0

110	110	0
113	113	0

92	92	0
111	111	0

104	104	0
93	93	0

93	93	0
110	110	0

92	92	0
109	109	0

109	109	0
104	104	0

114	114	0
95	95	0

94	94	0
99	99	0

99	99	0
98	98	0

98	98	0
100	100	0

416	416	0
188	188	0

188	188	0
187	187	0

187	187	0
196	196	0

196	196	0
194	194	0

187	187	0
191	191	0

223	223	1
222	222	1

219	219	1
220	220	1

218	218	1
219	219	1

378	378	1
227	227	1

227	227	1
226	226	1

219	219	1
342	342	1

414	414	1
349	349	1

349	349	1
377	377	1

377	377	1
378	378	1

231	231	1
232	232	1

374	374	1
231	231	1

228	228	1
229	229	1

226	226	1
228	228	1

226	226	1
369	369	1

369	369	1
372	372	1

372	372	1
225	225	1

372	372	1
224	224	1

224	224	1
223	223	1

228	228	1
374	374	1

414	414	1
213	213	1

213	213	1
214	214	1

214	214	1
215	215	1

214	214	1
216	216	1

216	216	1
217	217	1

217	217	1
218	218	1

0.125223	0	2
415	415	2

415	415	2
271	271	2

415	415	2
272	272	2

272	272	2
273	273	2

273	273	2
274	274	2

274	274	2
262	262	2

415	415	2
373	373	2

415	415	2
209	209	2

373	373	2
200	200	2

363	363	2
364	364	2

364	364	2
268	268	2

364	364	2
269	269	2

361	361	2
363	363	2

360	360	2
361	361	2

361	361	2
379	379	2

360	360	2
270	270	2

415	415	2
360	360	2

415	415	2
362	362	2

362	362	2
282	282	2

362	362	2
283	283	2

283	283	2
298	298	2

416	416	3
90	90	3

90	90	3
0	0	3

90	90	3
85	85	3

0	0	3
15	15	3

5	5	3
4	4	3

1	1	3
5	5	3

4	4	3
3	3	3

15	15	3
16	16	3

0	0	3
12	12	3

7	7	3
6	6	3

1	1	3
7	7	3

6	6	3
17	17	3

12	12	3
14	14	3

0	0	3
11	11	3

2	2	3
10	10	3

10	10	3
13	13	3

13	13	3
9	9	3

11	11	3
2	2	3

9	9	3
84	84	3

84	84	3
89	89	3

9	9	3
8	8	3

8	8	3
1	1	3

8	8	3
86	86	3

86	86	3
87	87	3

122	122	4
125	125	4

117	117	4
198	198	4

198	198	4
199	199	4

198	198	4
156	156	4

156	156	4
122	122	4

117	117	4
119	119	4

92	92	4
117	117	4

116	116	4
82	82	4

117	117	4
120	120	4

120	120	4
116	116	4

102	102	4
103	103	4

82	82	4
102	102	4

107	107	4
106	106	4

82	82	4
107	107	4

82	82	4
108	108	4

105	105	4
101	101	4

82	82	4
105	105	4

122	122	4
124	124	4

197	197	5
190	190	5

197	197	5
195	195	5

157	157	5
197	197	5

160	160	5
167	167	5

181	181	5
160	160	5

180	180	5
181	181	5

195	195	5
189	189	5

188	188	5
157	157	5

157	157	5
159	159	5

159	159	5
170	170	5

170	170	5
186	186	5

186	186	5
166	166	5

159	159	5
183	183	5

183	183	5
162	162	5

162	162	5
163	163	5

157	157	5
180	180	5

180	180	5
184	184	5

184	184	5
164	164	5

164	164	5
168	168	5

168	168	5
172	172	5

260	260	6
261	261	6

259	259	6
260	260	6

257	257	6
259	259	6

255	255	6
257	257	6

275	275	6
276	276	6

277	277	6
275	275	6

278	278	6
277	277	6

279	279	6
278	278	6

280	280	6
279	279	6

251	251	6
358	358	6

252	252	6
251	251	6

252	252	6
359	359	6

359	359	6
254	254	6

252	252	6
253	253	6

255	255	6
252	252	6

255	255	6
256	256	6

281	281	6
255	255	6

280	280	6
281	281	6

232	232	6
280	280	6

234	234	7
233	233	7

234	234	7
206	206	7

347	347	7
230	230	7

205	205	7
347	347	7

230	230	7
291	291	7

291	291	7
234	234	7

414	414	7
348	348	7

348	348	7
201	201	7

201	201	7
202	202	7

202	202	7
203	203	7

201	201	7
204	204	7

204	204	7
205	205	7

206	206	7
207	207	7

207	207	7
208	208	7

350	350	8
412	412	8

412	412	8
383	383	8

412	412	8
399	399	8

399	399	8
384	384	8

399	399	8
400	400	8

400	400	8
385	385	8

400	400	8
401	401	8

401	401	8
386	386	8

401	401	8
402	402	8

402	402	8
398	398	8

371	371	8
350	350	8

350	350	8
210	210	8

350	350	8
351	351	8

351	351	8
211	211	8

402	402	8
403	403	8

403	403	8
387	387	8

403	403	8
404	404	8

404	404	8
388	388	8

404	404	8
389	389	8

414	414	8
371	371	8

351	351	8
212	212	8

370	370	9
237	237	9

244	244	9
245	245	9

245	245	9
246	246	9

241	241	9
247	247	9

247	247	9
356	356	9

356	356	9
357	357	9

357	357	9
248	248	9

218	218	9
221	221	9

221	221	9
235	235	9

235	235	9
236	236	9

235	235	9
370	370	9

237	237	9
238	238	9

237	237	9
241	241	9

241	241	9
353	353	9

353	353	9
352	352	9

352	352	9
240	240	9

352	352	9
239	239	9

241	241	9
354	354	9

354	354	9
355	355	9

241	241	9
244	244	9

262	262	10
263	263	10

367	367	10
345	345	10

366	366	10
343	343	10

343	343	10
344	344	10

343	343	10
367	367	10

366	366	10
341	341	10

263	263	10
264	264	10

264	264	10
265	265	10

334	334	10
332	332	10

334	334	10
321	321	10

335	335	10
334	334	10

336	336	10
335	335	10

337	337	10
336	336	10

263	263	10
337	337	10

263	263	10
365	365	10

365	365	10
338	338	10

338	338	10
339	339	10

339	339	10
340	340	10

332	332	10
333	333	10

339	339	10
366	366	10

321	321	10
320	320	10

320	320	10
327	327	10

327	327	10
328	328	10

328	328	10
329	329	10

329	329	10
330	330	10

332	332	10
331	331	10

267	267	11
266	266	11

363	363	11
267	267	11

266	266	11
325	325	11

325	325	11
326	326	11

266	266	11
295	295	11

295	295	11
294	294	11

294	294	11
293	293	11

294	294	11
296	296	11

293	293	11
292	292	11

266	266	11
290	290	11

290	290	11
288	288	11

288	288	11
289	289	11

288	288	11
287	287	11

287	287	11
286	286	11

294	294	11
258	258	11

258	258	11
285	285	11

258	258	11
322	322	11

322	322	11
324	324	11

322	322	11
323	323	11

297	297	11
319	319	11

294	294	11
297	297	11

302	302	12
304	304	12

376	376	12
375	375	12

302	302	12
376	376	12

299	299	12
303	303	12

308	308	12
313	313	12

303	303	12
308	308	12

298	298	12
284	284	12

298	298	12
299	299	12

299	299	12
300	300	12

300	300	12
301	301	12

303	303	12
306	306	12

310	310	12
314	314	12

305	305	12
310	310	12

298	298	12
305	305	12

308	308	12
318	318	12

308	308	12
312	312	12

312	312	12
307	307	12

307	307	12
311	311	12

311	311	12
315	315	12

316	316	12
317	317	12

313	313	12
316	316	12

313	313	12
309	309	12

309	309	12
302	302	12

18	18	13
49	49	13

49	49	13
50	50	13

50	50	13
54	54	13

54	54	13
25	25	13

25	25	13
29	29	13

49	49	13
52	52	13

52	52	13
22	22	13

22	22	13
27	27	13

27	27	13
32	32	13

31	31	13
18	18	13

82	82	13
31	31	13

26	26	13
34	34	13

53	53	13
21	21	13

21	21	13
26	26	13

31	31	13
53	53	13

20	20	13
51	51	13

31	31	13
20	20	13

185	185	14
165	165	14

165	165	14
173	173	14

173	173	14
179	179	14

158	158	14
178	178	14

178	178	14
175	175	14

179	179	14
158	158	14

179	179	14
176	176	14

161	161	14
169	169	14

182	182	14
161	161	14

158	158	14
127	127	14

177	177	14
174	174	14

177	177	14
171	171	14

158	158	14
177	177	14

157	157	14
182	182	14

182	182	14
185	185	14

368	368	15
346	346	15

249	249	15
381	381	15

381	381	15
368	368	15

368	368	15
88	88	15

70	70	15
72	72	15

70	70	15
74	74	15

79	79	15
73	73	15

74	74	15
79	79	15

71	71	15
70	70	15

71	71	15
78	78	15

75	75	15
71	71	15

76	76	15
75	75	15

81	81	15
77	77	15

78	78	15
80	80	15

77	77	15
76	76	15

88	88	15
81	81	15

249	249	15
250	250	15

358	358	15
249	249	15

402	402	16
405	405	16

405	405	16
390	390	16

405	405	16
406	406	16

406	406	16
407	407	16

407	407	16
391	391	16

407	407	16
392	392	16

406	406	16
408	408	16

408	408	16
413	413	16

408	408	16
409	409	16

409	409	16
393	393	16

409	409	16
410	410	16

410	410	16
397	397	16

410	410	16
396	396	16

410	410	16
411	411	16

411	411	16
395	395	16

411	411	16
394	394	16

66	66	17
382	382	17

382	382	17
64	64	17

380	380	17
68	68	17

64	64	17
380	380	17

68	68	17
57	57	17

83	83	17
66	66	17

66	66	17
91	91	17

58	58	17
56	56	17

63	63	17
69	69	17

67	67	17
63	63	17

57	57	17
67	67	17

61	61	17
59	59	17

69	69	17
61	61	17

59	59	17
58	58	17

65	65	17
62	62	17

66	66	17
65	65	17

62	62	17
60	60	17

242	242	17
83	83	17

355	355	17
242	242	17

355	355	17
243	243	17

45	45	18
38	38	18

19	19	18
45	45	18

23	23	18
42	42	18

33	33	18
23	23	18

36	36	18
33	33	18

39	39	18
36	36	18

41	41	18
39	39	18

46	46	18
41	41	18

48	48	18
46	46	18

47	47	18
43	43	18

19	19	18
48	48	18

35	35	18
30	30	18

40	40	18
35	35	18

44	44	18
40	40	18

48	48	18
44	44	18

47	47	18
19	19	18

28	28	18
37	37	18

37	37	18
47	47	18

24	24	18
28	28	18

51	51	18
24	24	18

139	139	19
151	151	19

140	140	19
145	145	19

134	134	19
140	140	19

151	151	19
130	130	19

130	130	19
134	134	19

127	127	19
139	139	19

129	129	19
155	155	19

128	128	19
129	129	19

139	139	19
128	128	19

155	155	19
131	131	19

131	131	19
138	138	19

127	127	19
152	152	19

135	135	19
142	142	19

142	142	19
146	146	19

152	152	19
154	154	19

154	154	19
135	135	19

146	146	19
148	148	19

132	132	19
137	137	19

137	137	19
141	141	19

152	152	19
132	132	19

147	147	20
55	55	20

55	55	20
123	123	20

123	123	20
126	126	20

136	136	20
192	192	20

149	149	20
153	153	20

127	127	20
149	149	20

144	144	20
143	143	20

147	147	20
144	144	20

150	150	20
133	133	20

133	133	20
193	193	20

149	149	20
150	150	20

136	136	20
147	147	20

153	153	20
136	136	20

