0.125223	0	0
415	415	0

0.125223	0	0
416	416	0

66	66	0
382	382	0

382	382	0
64	64	0

380	380	0
68	68	0

64	64	0
380	380	0

68	68	0
57	57	0

83	83	0
66	66	0

66	66	0
91	91	0

58	58	0
56	56	0

63	63	0
69	69	0

67	67	0
63	63	0

57	57	0
67	67	0

61	61	0
59	59	0

69	69	0
61	61	0

59	59	0
58	58	0

65	65	0
62	62	0

66	66	0
65	65	0

62	62	0
60	60	0

223	223	0
222	222	0

219	219	0
220	220	0

218	218	0
219	219	0

415	415	0
271	271	0

415	415	0
272	272	0

272	272	0
273	273	0

273	273	0
274	274	0

274	274	0
262	262	0

260	260	0
261	261	0

259	259	0
260	260	0

257	257	0
259	259	0

255	255	0
257	257	0

370	370	0
237	237	0

262	262	0
263	263	0

367	367	0
345	345	0

368	368	0
346	346	0

249	249	0
381	381	0

381	381	0
368	368	0

275	275	0
276	276	0

277	277	0
275	275	0

278	278	0
277	277	0

279	279	0
278	278	0

280	280	0
279	279	0

234	234	0
233	233	0

234	234	0
206	206	0

347	347	0
230	230	0

205	205	0
347	347	0

378	378	0
227	227	0

227	227	0
226	226	0

230	230	0
291	291	0

291	291	0
234	234	0

219	219	0
342	342	0

302	302	0
304	304	0

376	376	0
375	375	0

302	302	0
376	376	0

299	299	0
303	303	0

308	308	0
313	313	0

303	303	0
308	308	0

368	368	0
88	88	0

242	242	0
83	83	0

350	350	0
412	412	0

412	412	0
383	383	0

412	412	0
399	399	0

399	399	0
384	384	0

399	399	0
400	400	0

400	400	0
385	385	0

400	400	0
401	401	0

401	401	0
386	386	0

401	401	0
402	402	0

366	366	0
343	343	0

343	343	0
344	344	0

343	343	0
367	367	0

402	402	0
398	398	0

70	70	0
72	72	0

70	70	0
74	74	0

79	79	0
73	73	0

74	74	0
79	79	0

71	71	0
70	70	0

71	71	0
78	78	0

75	75	0
71	71	0

76	76	0
75	75	0

81	81	0
77	77	0

78	78	0
80	80	0

77	77	0
76	76	0

88	88	0
81	81	0

414	414	0
349	349	0

414	414	0
348	348	0

348	348	0
201	201	0

349	349	0
377	377	0

201	201	0
202	202	0

202	202	0
203	203	0

201	201	0
204	204	0

377	377	0
378	378	0

204	204	0
205	205	0

415	415	0
373	373	0

206	206	0
207	207	0

207	207	0
208	208	0

415	415	0
209	209	0

373	373	0
200	200	0

371	371	0
350	350	0

350	350	0
210	210	0

350	350	0
351	351	0

351	351	0
211	211	0

244	244	0
245	245	0

245	245	0
246	246	0

241	241	0
247	247	0

247	247	0
356	356	0

356	356	0
357	357	0

357	357	0
248	248	0

249	249	0
250	250	0

358	358	0
249	249	0

251	251	0
358	358	0

252	252	0
251	251	0

252	252	0
359	359	0

359	359	0
254	254	0

252	252	0
253	253	0

255	255	0
252	252	0

255	255	0
256	256	0

281	281	0
255	255	0

280	280	0
281	281	0

232	232	0
280	280	0

231	231	0
232	232	0

374	374	0
231	231	0

228	228	0
229	229	0

226	226	0
228	228	0

226	226	0
369	369	0

369	369	0
372	372	0

372	372	0
225	225	0

372	372	0
224	224	0

224	224	0
223	223	0

366	366	0
341	341	0

263	263	0
264	264	0

264	264	0
265	265	0

267	267	0
266	266	0

363	363	0
267	267	0

363	363	0
364	364	0

364	364	0
268	268	0

364	364	0
269	269	0

361	361	0
363	363	0

360	360	0
361	361	0

361	361	0
379	379	0

360	360	0
270	270	0

415	415	0
360	360	0

415	415	0
362	362	0

362	362	0
282	282	0

362	362	0
283	283	0

266	266	0
325	325	0

325	325	0
326	326	0

266	266	0
295	295	0

295	295	0
294	294	0

294	294	0
293	293	0

294	294	0
296	296	0

293	293	0
292	292	0

266	266	0
290	290	0

290	290	0
288	288	0

288	288	0
289	289	0

402	402	0
403	403	0

403	403	0
387	387	0

403	403	0
404	404	0

404	404	0
388	388	0

404	404	0
389	389	0

402	402	0
405	405	0

405	405	0
390	390	0

405	405	0
406	406	0

406	406	0
407	407	0

407	407	0
391	391	0

407	407	0
392	392	0

406	406	0
408	408	0

408	408	0
413	413	0

408	408	0
409	409	0

409	409	0
393	393	0

409	409	0
410	410	0

410	410	0
397	397	0

410	410	0
396	396	0

410	410	0
411	411	0

411	411	0
395	395	0

411	411	0
394	394	0

288	288	0
287	287	0

287	287	0
286	286	0

298	298	0
284	284	0

414	414	0
371	371	0

283	283	0
298	298	0

298	298	0
299	299	0

299	299	0
300	300	0

300	300	0
301	301	0

303	303	0
306	306	0

310	310	0
314	314	0

305	305	0
310	310	0

298	298	0
305	305	0

334	334	0
332	332	0

334	334	0
321	321	0

335	335	0
334	334	0

336	336	0
335	335	0

337	337	0
336	336	0

263	263	0
337	337	0

263	263	0
365	365	0

365	365	0
338	338	0

338	338	0
339	339	0

339	339	0
340	340	0

332	332	0
333	333	0

339	339	0
366	366	0

228	228	0
374	374	0

351	351	0
212	212	0

414	414	0
213	213	0

213	213	0
214	214	0

214	214	0
215	215	0

214	214	0
216	216	0

216	216	0
217	217	0

217	217	0
218	218	0

218	218	0
221	221	0

221	221	0
235	235	0

235	235	0
236	236	0

235	235	0
370	370	0

237	237	0
238	238	0

237	237	0
241	241	0

241	241	0
353	353	0

353	353	0
352	352	0

352	352	0
240	240	0

352	352	0
239	239	0

241	241	0
354	354	0

354	354	0
355	355	0

355	355	0
242	242	0

355	355	0
243	243	0

241	241	0
244	244	0

308	308	0
318	318	0

308	308	0
312	312	0

312	312	0
307	307	0

307	307	0
311	311	0

311	311	0
315	315	0

316	316	0
317	317	0

313	313	0
316	316	0

313	313	0
309	309	0

309	309	0
302	302	0

294	294	0
258	258	0

258	258	0
285	285	0

258	258	0
322	322	0

322	322	0
324	324	0

322	322	0
323	323	0

321	321	0
320	320	0

297	297	0
319	319	0

294	294	0
297	297	0

320	320	0
327	327	0

327	327	0
328	328	0

328	328	0
329	329	0

329	329	0
330	330	0

332	332	0
331	331	0

416	416	1
90	90	1

90	90	1
0	0	1

90	90	1
85	85	1

0	0	1
15	15	1

5	5	1
4	4	1

1	1	1
5	5	1

4	4	1
3	3	1

15	15	1
16	16	1

0	0	1
12	12	1

7	7	1
6	6	1

1	1	1
7	7	1

6	6	1
17	17	1

12	12	1
14	14	1

0	0	1
11	11	1

2	2	1
10	10	1

10	10	1
13	13	1

13	13	1
9	9	1

11	11	1
2	2	1

9	9	1
84	84	1

84	84	1
89	89	1

9	9	1
8	8	1

8	8	1
1	1	1

8	8	1
86	86	1

86	86	1
87	87	1

100	100	1
97	97	1

115	115	1
94	94	1

95	95	1
115	115	1

92	92	1
96	96	1

96	96	1
114	114	1

139	139	1
151	151	1

140	140	1
145	145	1

134	134	1
140	140	1

151	151	1
130	130	1

130	130	1
134	134	1

147	147	1
55	55	1

55	55	1
123	123	1

122	122	1
125	125	1

123	123	1
126	126	1

117	117	1
198	198	1

198	198	1
199	199	1

198	198	1
156	156	1

156	156	1
122	122	1

197	197	1
190	190	1

197	197	1
195	195	1

157	157	1
197	197	1

18	18	1
49	49	1

49	49	1
50	50	1

50	50	1
54	54	1

54	54	1
25	25	1

25	25	1
29	29	1

45	45	1
38	38	1

49	49	1
52	52	1

52	52	1
22	22	1

22	22	1
27	27	1

27	27	1
32	32	1

19	19	1
45	45	1

23	23	1
42	42	1

33	33	1
23	23	1

36	36	1
33	33	1

39	39	1
36	36	1

41	41	1
39	39	1

46	46	1
41	41	1

48	48	1
46	46	1

31	31	1
18	18	1

82	82	1
31	31	1

26	26	1
34	34	1

47	47	1
43	43	1

53	53	1
21	21	1

21	21	1
26	26	1

31	31	1
53	53	1

19	19	1
48	48	1

35	35	1
30	30	1

40	40	1
35	35	1

44	44	1
40	40	1

48	48	1
44	44	1

47	47	1
19	19	1

28	28	1
37	37	1

37	37	1
47	47	1

20	20	1
51	51	1

24	24	1
28	28	1

51	51	1
24	24	1

31	31	1
20	20	1

185	185	1
165	165	1

165	165	1
173	173	1

173	173	1
179	179	1

158	158	1
178	178	1

178	178	1
175	175	1

160	160	1
167	167	1

181	181	1
160	160	1

180	180	1
181	181	1

179	179	1
158	158	1

179	179	1
176	176	1

161	161	1
169	169	1

182	182	1
161	161	1

158	158	1
127	127	1

127	127	1
139	139	1

129	129	1
155	155	1

128	128	1
129	129	1

139	139	1
128	128	1

155	155	1
131	131	1

131	131	1
138	138	1

127	127	1
152	152	1

135	135	1
142	142	1

142	142	1
146	146	1

416	416	1
121	121	1

118	118	1
92	92	1

121	121	1
118	118	1

113	113	1
112	112	1

110	110	1
113	113	1

92	92	1
111	111	1

104	104	1
93	93	1

93	93	1
110	110	1

92	92	1
109	109	1

109	109	1
104	104	1

117	117	1
119	119	1

92	92	1
117	117	1

116	116	1
82	82	1

117	117	1
120	120	1

120	120	1
116	116	1

102	102	1
103	103	1

82	82	1
102	102	1

107	107	1
106	106	1

82	82	1
107	107	1

82	82	1
108	108	1

105	105	1
101	101	1

82	82	1
105	105	1

114	114	1
95	95	1

94	94	1
99	99	1

99	99	1
98	98	1

98	98	1
100	100	1

136	136	1
192	192	1

149	149	1
153	153	1

122	122	1
124	124	1

195	195	1
189	189	1

188	188	1
157	157	1

157	157	1
159	159	1

159	159	1
170	170	1

170	170	1
186	186	1

186	186	1
166	166	1

177	177	1
174	174	1

159	159	1
183	183	1

183	183	1
162	162	1

162	162	1
163	163	1

177	177	1
171	171	1

158	158	1
177	177	1

157	157	1
180	180	1

180	180	1
184	184	1

184	184	1
164	164	1

164	164	1
168	168	1

168	168	1
172	172	1

157	157	1
182	182	1

182	182	1
185	185	1

152	152	1
154	154	1

154	154	1
135	135	1

146	146	1
148	148	1

132	132	1
137	137	1

137	137	1
141	141	1

152	152	1
132	132	1

127	127	1
149	149	1

144	144	1
143	143	1

147	147	1
144	144	1

150	150	1
133	133	1

133	133	1
193	193	1

149	149	1
150	150	1

416	416	1
188	188	1

188	188	1
187	187	1

187	187	1
196	196	1

196	196	1
194	194	1

187	187	1
191	191	1

136	136	1
147	147	1

153	153	1
136	136	1

