0 1 127 227 230 231 312 313 314 315 316 350 352 353 354 355 357 358 359
124 151 152 164 218 221 225 232 233 234 235 277 278 279 280 281 351 373
128 129 130 131 137 138 173 174 175 282 302 303 366 367 368 369 371
304 305 306 307 308 309 310 311 317 318 324 325 326 348 349
156 157 158 159 160 161 356 395 396 397 398 399 400 401 402 403
2 20 21 22 23 27 28 32 33 189 191 237 295 296 297 298 299
142 143 144 145 146 270 271 272 273 274 275 276 372
147 148 149 150 153 154 219 220 222 223 224 226 228 229
165 166 167 168 169 170 171 172 176 327 328 329 330 331 332
125 126 136 155 374 375 376 377 378 379 380 381 382 383 384 385
360 361 362 363 364 365 370 409 412 413 414 415 416
319 320 321 322 323 404 405 406 407 408 410 411
24 25 26 29 30 31 34 35 36 37 38 39 40 41 42 43
44 45 46 47 48 190 192 193 194 195 196 197 198 200 211 212 213 214
62 63 64 107 108 109 236 238 239 240 241 243 244 245 248 249 250 251 252
132 133 134 135 139 140 141 261 262 263 264 265 266 267 268 269
333 334 335 336 337 338 339 340 341 342 343 344 345 346 347
255 256 257 258 259 260 386 387 388 389 390 391 392 393 394
56 58 59 60 61 199 201 202 203 204 205 206 207 208 209 210 217
102 103 104 105 106 110 111 112 113 114 242 246 247 253 254
162 177 178 179 180 181 182 183 184 185 186 187 188
3 4 5 6 7 8 9 10 11 12 13 14 15 16 17 18 19 163
65 66 67 68 69 71 72 73 74 83 84 85 87 88 89 98 101
49 50 51 52 53 115 116 117 118 119 120 121 122 123 283 284 285 286 287 288
70 75 76 77 78 79 80 81 82 86 90 91 92 93 94 95 96 97 99 100
54 55 57 215 216 289 290 291 292 293 294 300 301
