0.077	0	0
0	879	0

0.077	0	0
1	0	0

0.077	0	0
3	2	0

0.077	0	0
4	3	0

0	0	0
5	4	0

5	4	0
6	5	0

6	5	0
7	6	0

7	6	0
8	7	0

8	7	0
9	8	0

9	8	0
10	9	0

10	9	0
11	10	0

11	10	0
12	11	0

12	11	0
13	12	0

13	12	0
14	13	0

14	13	0
15	14	0

15	14	0
16	15	0

16	15	0
17	16	0

17	16	0
18	17	0

18	17	0
19	18	0

19	18	0
20	19	0

20	19	0
21	20	0

21	20	0
22	21	0

22	21	0
23	22	0

23	22	0
24	23	0

24	23	0
25	24	0

25	24	0
26	25	0

26	25	0
27	26	0

27	26	0
28	27	0

28	27	0
29	28	0

29	28	0
30	29	0

30	29	0
31	30	0

31	30	0
32	31	0

32	31	0
33	32	0

33	32	0
34	33	0

34	33	0
35	34	0

35	34	0
36	35	0

36	35	0
37	36	0

37	36	0
38	37	0

38	37	0
39	38	0

39	38	0
40	39	0

40	39	0
41	40	0

41	40	0
42	41	0

42	41	0
43	42	0

12	11	0
44	43	0

44	43	0
45	44	0

45	44	0
46	45	0

46	45	0
47	46	0

47	46	0
48	47	0

48	47	0
49	48	0

49	48	0
50	49	0

50	49	0
51	50	0

51	50	0
52	51	0

52	51	0
53	52	0

53	52	0
54	53	0

47	46	0
55	54	0

55	54	0
56	55	0

56	55	0
57	56	0

57	56	0
58	57	0

58	57	0
59	58	0

59	58	0
60	59	0

60	59	0
61	60	0

61	60	0
62	61	0

62	61	0
63	62	0

47	46	0
64	63	0

64	63	0
65	64	0

65	64	0
66	65	0

66	65	0
67	66	0

67	66	0
68	67	0

68	67	0
69	68	0

66	65	0
70	69	0

70	69	0
71	70	0

67	66	0
72	71	0

72	71	0
73	72	0

68	67	0
74	73	0

74	73	0
75	74	0

21	20	0
76	75	0

76	75	0
77	76	0

77	76	0
78	77	0

78	77	0
79	78	0

79	78	0
80	79	0

80	79	0
81	80	0

81	80	0
82	81	0

82	81	0
83	82	0

78	77	0
84	83	0

84	83	0
85	84	0

85	84	0
86	85	0

86	85	0
87	86	0

87	86	0
88	87	0

88	87	0
89	88	0

89	88	0
90	89	0

90	89	0
91	90	0

91	90	0
92	91	0

90	89	0
93	92	0

3	2	0
602	601	0

602	601	0
603	602	0

603	602	0
604	603	0

604	603	0
605	604	0

605	604	0
606	605	0

606	605	0
607	606	0

607	606	0
608	607	0

608	607	0
609	608	0

609	608	0
610	609	0

610	609	0
611	610	0

611	610	0
612	611	0

612	611	0
613	612	0

613	612	0
614	613	0

614	613	0
615	614	0

615	614	0
616	615	0

603	602	0
654	653	0

604	603	0
655	654	0

605	604	0
656	655	0

606	605	0
657	656	0

607	606	0
658	657	0

608	607	0
659	658	0

609	608	0
660	659	0

610	609	0
661	660	0

611	610	0
662	661	0

612	611	0
663	662	0

613	612	0
664	663	0

614	613	0
665	664	0

615	614	0
666	665	0

616	615	0
667	666	0

656	655	0
705	704	0

657	656	0
706	705	0

658	657	0
707	706	0

659	658	0
708	707	0

660	659	0
709	708	0

661	660	0
710	709	0

662	661	0
711	710	0

663	662	0
712	711	0

664	663	0
713	712	0

665	664	0
714	713	0

666	665	0
715	714	0

667	666	0
716	715	0

4	3	0
823	822	0

823	822	0
824	823	0

824	823	0
825	824	0

825	824	0
826	825	0

826	825	0
827	826	0

827	826	0
828	827	0

828	827	0
829	828	0

829	828	0
830	829	0

830	829	0
831	830	0

831	830	0
832	831	0

832	831	0
833	832	0

833	832	0
834	833	0

834	833	0
835	834	0

835	834	0
836	835	0

836	835	0
837	836	0

837	836	0
838	837	0

838	837	0
839	838	0

839	838	0
840	839	0

840	839	0
841	840	0

841	840	0
842	841	0

842	841	0
843	842	0

843	842	0
844	843	0

844	843	0
845	844	0

845	844	0
846	845	0

846	845	0
847	846	0

847	846	0
848	847	0

848	847	0
849	848	0

849	848	0
850	849	0

850	849	0
851	850	0

834	833	0
852	851	0

835	834	0
853	852	0

836	835	0
854	853	0

837	836	0
855	854	0

838	837	0
856	855	0

839	838	0
857	856	0

840	839	0
858	857	0

841	840	0
859	858	0

842	841	0
860	859	0

843	842	0
861	860	0

844	843	0
862	861	0

845	844	0
863	862	0

846	845	0
864	863	0

847	846	0
865	864	0

848	847	0
866	865	0

849	848	0
867	866	0

850	849	0
868	867	0

845	844	0
869	868	0

846	845	0
870	869	0

847	846	0
871	870	0

848	847	0
872	871	0

849	848	0
874	872	0

850	849	0
875	875	0

848	847	0
876	876	0

849	848	0
877	877	0

850	849	0
878	878	0

0.077	0	1
879	878	1

879	878	1
94	93	1

94	93	1
95	94	1

95	94	1
96	95	1

96	95	1
97	96	1

97	96	1
98	97	1

98	97	1
99	98	1

99	98	1
100	99	1

100	99	1
101	100	1

101	100	1
102	101	1

102	101	1
103	102	1

103	102	1
104	103	1

104	103	1
105	104	1

105	104	1
106	105	1

106	105	1
107	106	1

107	106	1
108	107	1

108	107	1
109	108	1

109	108	1
110	109	1

110	109	1
111	110	1

111	110	1
112	111	1

112	111	1
113	112	1

113	112	1
114	113	1

114	113	1
115	114	1

115	114	1
116	115	1

116	115	1
117	116	1

117	116	1
118	117	1

118	117	1
119	118	1

119	118	1
120	119	1

120	119	1
121	120	1

121	120	1
122	121	1

122	121	1
123	122	1

123	122	1
124	123	1

124	123	1
125	124	1

125	124	1
126	125	1

126	125	1
127	126	1

127	126	1
128	127	1

128	127	1
129	128	1

129	128	1
130	129	1

130	129	1
131	130	1

131	130	1
132	131	1

132	131	1
133	132	1

133	132	1
134	133	1

134	133	1
135	134	1

135	134	1
136	135	1

136	135	1
137	136	1

137	136	1
138	137	1

138	137	1
139	138	1

139	138	1
140	139	1

140	139	1
141	140	1

141	140	1
142	141	1

142	141	1
143	142	1

123	122	1
144	143	1

144	143	1
145	144	1

145	144	1
146	145	1

146	145	1
147	146	1

147	146	1
148	147	1

148	147	1
149	148	1

149	148	1
150	149	1

150	149	1
151	150	1

151	150	1
152	151	1

152	151	1
153	152	1

153	152	1
154	153	1

154	153	1
155	154	1

155	154	1
156	155	1

156	155	1
157	156	1

157	156	1
158	157	1

158	157	1
159	158	1

133	132	1
160	159	1

160	159	1
161	160	1

161	160	1
162	161	1

162	161	1
163	162	1

163	162	1
164	163	1

164	163	1
165	164	1

165	164	1
166	165	1

166	165	1
167	166	1

167	166	1
168	167	1

168	167	1
169	168	1

163	162	1
170	169	1

170	169	1
171	170	1

171	170	1
172	171	1

172	171	1
173	172	1

173	172	1
174	173	1

174	173	1
175	174	1

175	174	1
176	175	1

172	171	1
177	176	1

177	176	1
178	177	1

178	177	1
179	178	1

179	178	1
180	179	1

99	98	1
181	180	1

181	180	1
182	181	1

182	181	1
183	182	1

183	182	1
184	183	1

184	183	1
185	184	1

185	184	1
186	185	1

186	185	1
187	186	1

187	186	1
188	187	1

188	187	1
189	188	1

184	183	1
190	189	1

190	189	1
191	190	1

191	190	1
192	191	1

187	186	1
193	192	1

193	192	1
194	193	1

193	192	1
195	194	1

194	193	1
196	195	1

195	194	1
197	196	1

196	195	1
198	197	1

196	195	1
199	198	1

197	196	1
200	199	1

197	196	1
201	200	1

0	879	2
202	201	2

202	201	2
203	202	2

203	202	2
204	203	2

204	203	2
205	204	2

205	204	2
206	205	2

206	205	2
207	206	2

207	206	2
208	207	2

208	207	2
209	208	2

209	208	2
210	209	2

210	209	2
211	210	2

211	210	2
212	211	2

212	211	2
213	212	2

213	212	2
214	213	2

214	213	2
215	214	2

215	214	2
216	215	2

216	215	2
217	216	2

217	216	2
218	217	2

218	217	2
219	218	2

219	218	2
220	219	2

220	219	2
221	220	2

221	220	2
222	221	2

222	221	2
223	222	2

223	222	2
224	223	2

224	223	2
225	224	2

225	224	2
226	225	2

226	225	2
227	226	2

227	226	2
228	227	2

228	227	2
229	228	2

229	228	2
230	229	2

230	229	2
231	230	2

231	230	2
232	231	2

232	231	2
233	232	2

233	232	2
234	233	2

234	233	2
235	234	2

235	234	2
236	235	2

236	235	2
237	236	2

237	236	2
238	237	2

238	237	2
239	238	2

239	238	2
240	239	2

240	239	2
241	240	2

241	240	2
242	241	2

242	241	2
243	242	2

243	242	2
244	243	2

244	243	2
245	244	2

245	244	2
246	245	2

246	245	2
247	246	2

247	246	2
248	247	2

248	247	2
249	248	2

249	248	2
250	249	2

250	249	2
251	250	2

251	250	2
252	251	2

252	251	2
253	252	2

253	252	2
254	253	2

203	202	2
255	254	2

255	254	2
256	255	2

256	255	2
257	256	2

257	256	2
258	257	2

258	257	2
259	258	2

259	258	2
260	259	2

260	259	2
261	260	2

261	260	2
262	261	2

262	261	2
263	262	2

263	262	2
264	263	2

264	263	2
265	264	2

265	264	2
266	265	2

266	265	2
267	266	2

267	266	2
268	267	2

268	267	2
269	268	2

269	268	2
270	269	2

270	269	2
271	270	2

271	270	2
272	271	2

272	271	2
273	272	2

273	272	2
274	273	2

274	273	2
275	274	2

275	274	2
276	275	2

276	275	2
277	276	2

277	276	2
278	277	2

278	277	2
279	278	2

279	278	2
280	279	2

280	279	2
281	280	2

281	280	2
282	281	2

282	281	2
283	282	2

283	282	2
284	283	2

284	283	2
285	284	2

285	284	2
286	285	2

286	285	2
287	286	2

287	286	2
288	287	2

288	287	2
289	288	2

289	288	2
290	289	2

290	289	2
291	290	2

291	290	2
292	291	2

292	291	2
293	292	2

293	292	2
294	293	2

236	235	2
295	294	2

274	273	2
296	295	2

275	274	2
297	296	2

276	275	2
298	297	2

277	276	2
299	298	2

278	277	2
300	299	2

279	278	2
301	300	2

280	279	2
302	301	2

281	280	2
303	302	2

282	281	2
304	303	2

283	282	2
305	304	2

284	283	2
306	305	2

285	284	2
307	306	2

286	285	2
308	307	2

287	286	2
309	308	2

288	287	2
310	309	2

289	288	2
311	310	2

290	289	2
312	311	2

291	290	2
313	312	2

292	291	2
314	313	2

293	292	2
315	314	2

236	235	2
316	315	2

307	306	2
317	316	2

308	307	2
318	317	2

309	308	2
319	318	2

310	309	2
320	319	2

311	310	2
321	320	2

312	311	2
322	321	2

313	312	2
323	322	2

314	313	2
324	323	2

315	314	2
325	324	2

316	315	2
326	325	2

317	316	2
327	326	2

318	317	2
328	327	2

319	318	2
329	328	2

320	319	2
330	329	2

313	312	2
331	330	2

314	313	2
332	331	2

315	314	2
333	332	2

316	315	2
334	333	2

317	316	2
335	334	2

318	317	2
336	335	2

319	318	2
337	336	2

320	319	2
338	337	2

325	324	2
339	338	2

326	325	2
340	339	2

327	326	2
341	340	2

328	327	2
342	341	2

329	328	2
343	342	2

330	329	2
344	343	2

331	330	2
345	344	2

332	331	2
346	345	2

333	332	2
347	346	2

334	333	2
348	347	2

1	0	3
349	348	3

349	348	3
350	349	3

350	349	3
351	350	3

351	350	3
352	351	3

352	351	3
353	352	3

353	352	3
354	353	3

354	353	3
355	354	3

355	354	3
356	355	3

356	355	3
357	356	3

357	356	3
358	357	3

358	357	3
359	358	3

359	358	3
360	359	3

360	359	3
361	360	3

361	360	3
362	361	3

362	361	3
363	362	3

363	362	3
364	363	3

364	363	3
365	364	3

365	364	3
366	365	3

366	365	3
367	366	3

367	366	3
368	367	3

368	367	3
369	368	3

369	368	3
370	369	3

370	369	3
371	370	3

371	370	3
372	371	3

372	371	3
373	372	3

373	372	3
374	373	3

374	373	3
375	374	3

375	374	3
376	375	3

376	375	3
377	376	3

377	376	3
378	377	3

378	377	3
379	378	3

379	378	3
380	379	3

380	379	3
381	380	3

381	380	3
382	381	3

382	381	3
383	382	3

383	382	3
384	383	3

384	383	3
385	384	3

385	384	3
386	385	3

386	385	3
387	386	3

387	386	3
388	387	3

388	387	3
389	388	3

389	388	3
390	389	3

390	389	3
391	390	3

391	390	3
392	391	3

392	391	3
393	392	3

393	392	3
394	393	3

357	356	3
395	394	3

395	394	3
396	395	3

396	395	3
397	396	3

397	396	3
398	397	3

398	397	3
399	398	3

399	398	3
400	399	3

400	399	3
401	400	3

401	400	3
402	401	3

402	401	3
403	402	3

403	402	3
404	403	3

404	403	3
405	404	3

405	404	3
406	405	3

406	405	3
407	406	3

407	406	3
408	407	3

408	407	3
409	408	3

409	408	3
410	409	3

410	409	3
411	410	3

411	410	3
412	411	3

412	411	3
413	412	3

413	412	3
414	413	3

414	413	3
415	414	3

415	414	3
416	415	3

416	415	3
417	416	3

417	416	3
418	417	3

418	417	3
419	418	3

419	418	3
420	419	3

420	419	3
421	420	3

421	420	3
422	421	3

422	421	3
423	422	3

423	422	3
424	423	3

405	404	3
425	424	3

410	409	3
426	425	3

411	410	3
427	426	3

412	411	3
428	427	3

413	412	3
429	428	3

414	413	3
430	429	3

415	414	3
431	430	3

416	415	3
432	431	3

417	416	3
433	432	3

418	417	3
434	433	3

419	418	3
435	434	3

420	419	3
436	435	3

421	420	3
437	436	3

422	421	3
438	437	3

423	422	3
439	438	3

422	421	3
440	439	3

423	422	3
441	440	3

424	423	3
442	441	3

425	424	3
443	442	3

426	425	3
444	443	3

427	426	3
445	444	3

428	427	3
446	445	3

429	428	3
447	446	3

430	429	3
448	447	3

431	430	3
449	448	3

432	431	3
450	449	3

423	422	3
451	450	3

451	450	3
452	451	3

452	451	3
453	452	3

453	452	3
454	453	3

454	453	3
455	454	3

455	454	3
456	455	3

456	455	3
457	456	3

457	456	3
458	457	3

458	457	3
459	458	3

459	458	3
460	459	3

460	459	3
461	460	3

461	460	3
462	461	3

462	461	3
463	462	3

463	462	3
464	463	3

0.077	0	4
2	1	4

2	1	4
465	464	4

465	464	4
466	465	4

466	465	4
467	466	4

467	466	4
468	467	4

468	467	4
469	468	4

469	468	4
470	469	4

470	469	4
471	470	4

471	470	4
472	471	4

472	471	4
473	472	4

473	472	4
474	473	4

474	473	4
475	474	4

475	474	4
476	475	4

476	475	4
477	476	4

477	476	4
478	477	4

478	477	4
479	478	4

479	478	4
480	479	4

480	479	4
481	480	4

481	480	4
482	481	4

482	481	4
483	482	4

483	482	4
484	483	4

484	483	4
485	484	4

485	484	4
486	485	4

486	485	4
487	486	4

487	486	4
488	487	4

488	487	4
489	488	4

489	488	4
490	489	4

490	489	4
491	490	4

491	490	4
492	491	4

492	491	4
493	492	4

493	492	4
494	493	4

494	493	4
495	494	4

495	494	4
496	495	4

496	495	4
497	496	4

497	496	4
498	497	4

498	497	4
499	498	4

499	498	4
500	499	4

500	499	4
501	500	4

501	500	4
502	501	4

502	501	4
503	502	4

503	502	4
504	503	4

504	503	4
505	504	4

505	504	4
506	505	4

506	505	4
507	506	4

507	506	4
508	507	4

508	507	4
509	508	4

469	468	4
510	509	4

470	469	4
511	510	4

471	470	4
512	511	4

472	471	4
513	512	4

473	472	4
514	513	4

474	473	4
515	514	4

475	474	4
516	515	4

476	475	4
517	516	4

477	476	4
518	517	4

478	477	4
519	518	4

479	478	4
520	519	4

480	479	4
521	520	4

481	480	4
522	521	4

482	481	4
523	522	4

483	482	4
524	523	4

484	483	4
525	524	4

485	484	4
526	525	4

486	485	4
527	526	4

487	486	4
528	527	4

488	487	4
529	528	4

489	488	4
530	529	4

490	489	4
531	530	4

491	490	4
532	531	4

492	491	4
533	532	4

493	492	4
534	533	4

494	493	4
535	534	4

495	494	4
536	535	4

496	495	4
537	536	4

497	496	4
538	537	4

498	497	4
539	538	4

499	498	4
540	539	4

500	499	4
541	540	4

501	500	4
542	541	4

502	501	4
543	542	4

503	502	4
544	543	4

504	503	4
545	544	4

505	504	4
546	545	4

506	505	4
547	546	4

507	506	4
548	547	4

508	507	4
549	548	4

469	468	4
550	549	4

550	549	4
551	550	4

551	550	4
552	551	4

552	551	4
553	552	4

553	552	4
554	553	4

554	553	4
555	554	4

555	554	4
556	555	4

556	555	4
557	556	4

557	556	4
558	557	4

558	557	4
559	558	4

559	558	4
560	559	4

560	559	4
561	560	4

561	560	4
562	561	4

562	561	4
563	562	4

563	562	4
564	563	4

564	563	4
565	564	4

565	564	4
566	565	4

566	565	4
567	566	4

567	566	4
568	567	4

551	550	4
569	568	4

550	549	4
570	569	4

551	550	4
571	570	4

552	551	4
572	571	4

553	552	4
573	572	4

554	553	4
574	573	4

555	554	4
575	574	4

556	555	4
576	575	4

557	556	4
577	576	4

558	557	4
578	577	4

559	558	4
579	578	4

560	559	4
580	579	4

561	560	4
581	580	4

562	561	4
582	581	4

563	562	4
583	582	4

564	563	4
584	583	4

565	564	4
585	584	4

566	565	4
586	585	4

567	566	4
587	586	4

473	472	4
588	587	4

588	587	4
589	588	4

589	588	4
590	589	4

590	589	4
591	590	4

591	590	4
592	591	4

592	591	4
593	592	4

593	592	4
594	593	4

594	593	4
595	594	4

595	594	4
596	595	4

596	595	4
597	596	4

597	596	4
598	597	4

598	597	4
599	598	4

599	598	4
600	599	4

600	599	4
601	600	4

616	615	5
617	616	5

617	616	5
618	617	5

618	617	5
619	618	5

619	618	5
620	619	5

620	619	5
621	620	5

621	620	5
622	621	5

622	621	5
623	622	5

623	622	5
624	623	5

624	623	5
625	624	5

625	624	5
626	625	5

626	625	5
627	626	5

627	626	5
628	627	5

628	627	5
629	628	5

629	628	5
630	629	5

630	629	5
631	630	5

631	630	5
632	631	5

632	631	5
633	632	5

633	632	5
634	633	5

634	633	5
635	634	5

635	634	5
636	635	5

636	635	5
637	636	5

637	636	5
638	637	5

638	637	5
639	638	5

639	638	5
640	639	5

640	639	5
641	640	5

641	640	5
642	641	5

642	641	5
643	642	5

643	642	5
644	643	5

644	643	5
645	644	5

645	644	5
646	645	5

646	645	5
647	646	5

633	632	5
648	647	5

634	633	5
649	648	5

635	634	5
650	649	5

650	649	5
651	650	5

651	650	5
652	651	5

651	650	5
653	652	5

617	616	5
668	667	5

618	617	5
669	668	5

619	618	5
670	669	5

620	619	5
671	670	5

621	620	5
672	671	5

622	621	5
673	672	5

623	622	5
674	673	5

624	623	5
675	674	5

625	624	5
676	675	5

626	625	5
677	676	5

627	626	5
678	677	5

628	627	5
679	678	5

629	628	5
680	679	5

630	629	5
681	680	5

631	630	5
682	681	5

632	631	5
683	682	5

633	632	5
684	683	5

634	633	5
685	684	5

635	634	5
686	685	5

636	635	5
687	686	5

637	636	5
688	687	5

638	637	5
689	688	5

639	638	5
690	689	5

640	639	5
691	690	5

641	640	5
692	691	5

642	641	5
693	692	5

643	642	5
694	693	5

644	643	5
695	694	5

645	644	5
696	695	5

646	645	5
697	696	5

647	646	5
698	697	5

648	647	5
699	698	5

649	648	5
700	699	5

650	649	5
701	700	5

651	650	5
702	701	5

652	651	5
703	702	5

653	652	5
704	703	5

668	667	5
717	716	5

669	668	5
718	717	5

670	669	5
719	718	5

671	670	5
720	719	5

672	671	5
721	720	5

673	672	5
722	721	5

674	673	5
723	722	5

675	674	5
724	723	5

676	675	5
725	724	5

677	676	5
726	725	5

678	677	5
727	726	5

679	678	5
728	727	5

680	679	5
729	728	5

681	680	5
730	729	5

682	681	5
731	730	5

683	682	5
732	731	5

684	683	5
733	732	5

685	684	5
734	733	5

686	685	5
735	734	5

687	686	5
736	735	5

688	687	5
737	736	5

689	688	5
738	737	5

690	689	5
739	738	5

691	690	5
740	739	5

692	691	5
741	740	5

693	692	5
742	741	5

694	693	5
743	742	5

695	694	5
744	743	5

696	695	5
745	744	5

697	696	5
746	745	5

698	697	5
747	746	5

699	698	5
748	747	5

700	699	5
749	748	5

701	700	5
750	749	5

702	701	5
751	750	5

703	702	5
752	751	5

704	703	5
753	752	5

734	733	5
754	753	5

735	734	5
755	754	5

736	735	5
756	755	5

737	736	5
757	756	5

738	737	5
758	757	5

739	738	5
759	758	5

740	739	5
760	759	5

741	740	5
761	760	5

742	741	5
762	761	5

743	742	5
763	762	5

744	743	5
764	763	5

745	744	5
765	764	5

746	745	5
766	765	5

747	746	5
767	766	5

748	747	5
768	767	5

749	748	5
769	768	5

750	749	5
770	769	5

751	750	5
771	770	5

752	751	5
772	771	5

753	752	5
773	772	5

686	685	5
774	773	5

687	686	5
775	774	5

688	687	5
776	775	5

689	688	5
777	776	5

690	689	5
778	777	5

691	690	5
779	778	5

692	691	5
780	779	5

693	692	5
781	780	5

694	693	5
782	781	5

695	694	5
783	782	5

696	695	5
784	783	5

697	696	5
785	784	5

698	697	5
786	785	5

699	698	5
787	786	5

700	699	5
788	787	5

701	700	5
789	788	5

702	701	5
790	789	5

703	702	5
791	790	5

704	703	5
792	791	5

734	733	5
793	792	5

694	693	5
794	793	5

695	694	5
795	794	5

696	695	5
796	795	5

697	696	5
797	796	5

698	697	5
798	797	5

699	698	5
799	798	5

700	699	5
800	799	5

701	700	5
801	800	5

702	701	5
802	801	5

703	702	5
803	802	5

704	703	5
804	803	5

734	733	5
805	804	5

697	696	5
806	805	5

698	697	5
807	806	5

699	698	5
808	807	5

700	699	5
809	808	5

701	700	5
810	809	5

702	701	5
811	810	5

703	702	5
812	811	5

704	703	5
813	812	5

734	733	5
814	813	5

701	700	5
815	814	5

702	701	5
816	815	5

703	702	5
817	816	5

704	703	5
818	817	5

734	733	5
819	818	5

703	702	5
820	819	5

704	703	5
821	820	5

734	733	5
822	821	5

