0 1 2 3 4 5 6 32 33 47 48 89 143 156 157 174 186 187
7 8 9 10 34 37 38 39 175 176
49 50 51 90 93 94 95 188 189 190 191
103 104 142 145 146 147 155 158 159 160 161
11 12 13 21 35 36 177 178 179 182
52 53 54 96 97 192 193
105 106 107 108 148 149 162 163 164
14 15 16 17 18 19 40 41 42 180 181
20 22 23 43 44 183 184
60 61 62 63 64 91 203
55 56 57 58 59 98 99 194 195 196
109 110 111 112 113 114 115 144 165 166
24 25 26
65 66 67 68 69 70 71 72 73 100 197 198 199
116 117 118 119 150 167 168
27 28 29 30 31 45
74 75 76 77 78 79 80 81 82 101 200
120 121 122 123 124 125 126 127 128 129 130 151 152 169 170 171
46 185
83 84 85 86 87 88 92 102 201 202
131 132 133 134 135 136 137 138 139 140 141 153 154 172 173
