0 1 2 3 4 5 32 47 48 49 89 93 94 103 104 143 156 157 158 186 187 188 189
6 7 8 9 10 33 37 38 39 174 175 176
50 51 52 90 95 190 191
105 106 107 142 145 146 147 148 155 159 160 161 162 163
11 12 13 34 35 177 178 182
53 54 55 56 57 58 59 96 97 98 99 192 193 194 195 196
108 109 110 111 112 113 114 115 144 149 164 165
14 15 16 17 18 19 40 41 42 179 180 181
20 21 22 23 36 43 44 183 184
60 61 62 63 64 65 66 67 91 197 203
116 117 118 119 120 121 122 123 124 150 151 166 167 168 169
24 25 26 27 28 29 30
68 69 70 71 72 73 74 75 76 77 78 79 80 100 101 198 199 200
125 126 127 128 129 130 131 132 133 134 135 136 137 138 139 140 141 152 153 154 170 171 172 173
31 45 46 185
81 82 83 84 85 86 87 88 92 102 201 202
