0.077	0	0
879	878	0

0.077	0	0
0	879	0

0.077	0	0
1	0	0

0.077	0	0
2	1	0

0.077	0	0
3	2	0

0.077	0	0
4	3	0

0	0	0
5	4	0

5	4	0
6	5	0

6	5	0
7	6	0

879	878	0
94	93	0

1	0	0
349	348	0

349	348	0
350	349	0

350	349	0
351	350	0

351	350	0
352	351	0

352	351	0
353	352	0

353	352	0
354	353	0

354	353	0
355	354	0

355	354	0
356	355	0

356	355	0
357	356	0

2	1	0
465	464	0

465	464	0
466	465	0

466	465	0
467	466	0

4	3	0
823	822	0

823	822	0
824	823	0

824	823	0
825	824	0

825	824	0
826	825	0

826	825	0
827	826	0

827	826	0
828	827	0

828	827	0
829	828	0

829	828	0
830	829	0

830	829	0
831	830	0

831	830	0
832	831	0

832	831	0
833	832	0

833	832	0
834	833	0

834	833	0
835	834	0

835	834	0
836	835	0

836	835	0
837	836	0

837	836	0
838	837	0

838	837	0
839	838	0

839	838	0
840	839	0

834	833	0
852	851	0

835	834	0
853	852	0

836	835	0
854	853	0

837	836	0
855	854	0

838	837	0
856	855	0

839	838	0
857	856	0

840	839	0
858	857	0

7	6	1
8	7	1

8	7	1
9	8	1

9	8	1
10	9	1

10	9	1
11	10	1

11	10	1
12	11	1

12	11	1
13	12	1

13	12	1
14	13	1

14	13	1
15	14	1

15	14	1
16	15	1

16	15	1
17	16	1

17	16	1
18	17	1

12	11	1
44	43	1

44	43	1
45	44	1

45	44	1
46	45	1

46	45	1
47	46	1

47	46	1
48	47	1

48	47	1
49	48	1

49	48	1
50	49	1

50	49	1
51	50	1

51	50	1
52	51	1

52	51	1
53	52	1

53	52	1
54	53	1

47	46	1
55	54	1

55	54	1
56	55	1

56	55	1
57	56	1

57	56	1
58	57	1

58	57	1
59	58	1

59	58	1
60	59	1

60	59	1
61	60	1

61	60	1
62	61	1

62	61	1
63	62	1

47	46	1
64	63	1

64	63	1
65	64	1

65	64	1
66	65	1

66	65	1
67	66	1

67	66	1
68	67	1

68	67	1
69	68	1

66	65	1
70	69	1

70	69	1
71	70	1

67	66	1
72	71	1

72	71	1
73	72	1

68	67	1
74	73	1

74	73	1
75	74	1

94	93	2
95	94	2

95	94	2
96	95	2

96	95	2
97	96	2

97	96	2
98	97	2

98	97	2
99	98	2

99	98	2
100	99	2

100	99	2
101	100	2

101	100	2
102	101	2

102	101	2
103	102	2

103	102	2
104	103	2

104	103	2
105	104	2

105	104	2
106	105	2

106	105	2
107	106	2

107	106	2
108	107	2

108	107	2
109	108	2

109	108	2
110	109	2

110	109	2
111	110	2

99	98	2
181	180	2

181	180	2
182	181	2

182	181	2
183	182	2

183	182	2
184	183	2

184	183	2
185	184	2

185	184	2
186	185	2

186	185	2
187	186	2

187	186	2
188	187	2

188	187	2
189	188	2

184	183	2
190	189	2

190	189	2
191	190	2

191	190	2
192	191	2

187	186	2
193	192	2

193	192	2
194	193	2

193	192	2
195	194	2

194	193	2
196	195	2

195	194	2
197	196	2

196	195	2
198	197	2

196	195	2
199	198	2

197	196	2
200	199	2

197	196	2
201	200	2

0	879	3
202	201	3

202	201	3
203	202	3

203	202	3
255	254	3

255	254	3
256	255	3

256	255	3
257	256	3

257	256	3
258	257	3

258	257	3
259	258	3

259	258	3
260	259	3

260	259	3
261	260	3

261	260	3
262	261	3

262	261	3
263	262	3

263	262	3
264	263	3

264	263	3
265	264	3

265	264	3
266	265	3

266	265	3
267	266	3

267	266	3
268	267	3

268	267	3
269	268	3

269	268	3
270	269	3

270	269	3
271	270	3

271	270	3
272	271	3

272	271	3
273	272	3

273	272	3
274	273	3

274	273	3
275	274	3

275	274	3
276	275	3

276	275	3
277	276	3

277	276	3
278	277	3

278	277	3
279	278	3

274	273	3
296	295	3

275	274	3
297	296	3

276	275	3
298	297	3

277	276	3
299	298	3

278	277	3
300	299	3

279	278	3
301	300	3

357	356	4
358	357	4

358	357	4
359	358	4

357	356	4
395	394	4

395	394	4
396	395	4

396	395	4
397	396	4

397	396	4
398	397	4

398	397	4
399	398	4

399	398	4
400	399	4

400	399	4
401	400	4

401	400	4
402	401	4

402	401	4
403	402	4

403	402	4
404	403	4

404	403	4
405	404	4

405	404	4
406	405	4

406	405	4
407	406	4

407	406	4
408	407	4

408	407	4
409	408	4

409	408	4
410	409	4

410	409	4
411	410	4

411	410	4
412	411	4

412	411	4
413	412	4

413	412	4
414	413	4

414	413	4
415	414	4

415	414	4
416	415	4

405	404	4
425	424	4

410	409	4
426	425	4

411	410	4
427	426	4

412	411	4
428	427	4

413	412	4
429	428	4

414	413	4
430	429	4

415	414	4
431	430	4

416	415	4
432	431	4

425	424	4
443	442	4

426	425	4
444	443	4

427	426	4
445	444	4

428	427	4
446	445	4

429	428	4
447	446	4

430	429	4
448	447	4

431	430	4
449	448	4

432	431	4
450	449	4

467	466	5
468	467	5

468	467	5
469	468	5

469	468	5
470	469	5

470	469	5
471	470	5

471	470	5
472	471	5

472	471	5
473	472	5

473	472	5
474	473	5

474	473	5
475	474	5

475	474	5
476	475	5

476	475	5
477	476	5

477	476	5
478	477	5

469	468	5
510	509	5

470	469	5
511	510	5

471	470	5
512	511	5

472	471	5
513	512	5

473	472	5
514	513	5

474	473	5
515	514	5

475	474	5
516	515	5

476	475	5
517	516	5

477	476	5
518	517	5

469	468	5
550	549	5

550	549	5
551	550	5

551	550	5
552	551	5

552	551	5
553	552	5

551	550	5
569	568	5

550	549	5
570	569	5

551	550	5
571	570	5

552	551	5
572	571	5

553	552	5
573	572	5

473	472	5
588	587	5

588	587	5
589	588	5

589	588	5
590	589	5

590	589	5
591	590	5

591	590	5
592	591	5

592	591	5
593	592	5

593	592	5
594	593	5

594	593	5
595	594	5

595	594	5
596	595	5

596	595	5
597	596	5

597	596	5
598	597	5

598	597	5
599	598	5

599	598	5
600	599	5

600	599	5
601	600	5

3	2	6
602	601	6

602	601	6
603	602	6

603	602	6
604	603	6

604	603	6
605	604	6

605	604	6
606	605	6

606	605	6
607	606	6

607	606	6
608	607	6

608	607	6
609	608	6

609	608	6
610	609	6

610	609	6
611	610	6

611	610	6
612	611	6

612	611	6
613	612	6

613	612	6
614	613	6

603	602	6
654	653	6

604	603	6
655	654	6

605	604	6
656	655	6

606	605	6
657	656	6

607	606	6
658	657	6

608	607	6
659	658	6

609	608	6
660	659	6

610	609	6
661	660	6

611	610	6
662	661	6

612	611	6
663	662	6

613	612	6
664	663	6

656	655	6
705	704	6

657	656	6
706	705	6

658	657	6
707	706	6

659	658	6
708	707	6

660	659	6
709	708	6

661	660	6
710	709	6

662	661	6
711	710	6

663	662	6
712	711	6

664	663	6
713	712	6

840	839	7
841	840	7

841	840	7
842	841	7

842	841	7
843	842	7

843	842	7
844	843	7

844	843	7
845	844	7

845	844	7
846	845	7

846	845	7
847	846	7

847	846	7
848	847	7

848	847	7
849	848	7

849	848	7
850	849	7

850	849	7
851	850	7

841	840	7
859	858	7

842	841	7
860	859	7

843	842	7
861	860	7

844	843	7
862	861	7

845	844	7
863	862	7

846	845	7
864	863	7

847	846	7
865	864	7

848	847	7
866	865	7

849	848	7
867	866	7

850	849	7
868	867	7

845	844	7
869	868	7

846	845	7
870	869	7

847	846	7
871	870	7

848	847	7
872	871	7

849	848	7
874	872	7

850	849	7
875	875	7

848	847	7
876	876	7

849	848	7
877	877	7

850	849	7
878	878	7

18	17	8
19	18	8

19	18	8
20	19	8

20	19	8
21	20	8

21	20	8
22	21	8

22	21	8
23	22	8

23	22	8
24	23	8

24	23	8
25	24	8

25	24	8
26	25	8

26	25	8
27	26	8

27	26	8
28	27	8

28	27	8
29	28	8

29	28	8
30	29	8

30	29	8
31	30	8

31	30	8
32	31	8

32	31	8
33	32	8

33	32	8
34	33	8

34	33	8
35	34	8

35	34	8
36	35	8

36	35	8
37	36	8

37	36	8
38	37	8

38	37	8
39	38	8

39	38	8
40	39	8

40	39	8
41	40	8

41	40	8
42	41	8

42	41	8
43	42	8

21	20	8
76	75	8

76	75	8
77	76	8

77	76	8
78	77	8

78	77	8
79	78	8

79	78	8
80	79	8

80	79	8
81	80	8

81	80	8
82	81	8

82	81	8
83	82	8

78	77	8
84	83	8

84	83	8
85	84	8

85	84	8
86	85	8

86	85	8
87	86	8

87	86	8
88	87	8

88	87	8
89	88	8

89	88	8
90	89	8

90	89	8
91	90	8

91	90	8
92	91	8

90	89	8
93	92	8

111	110	9
112	111	9

112	111	9
113	112	9

113	112	9
114	113	9

114	113	9
115	114	9

115	114	9
116	115	9

116	115	9
117	116	9

117	116	9
118	117	9

118	117	9
119	118	9

119	118	9
120	119	9

120	119	9
121	120	9

121	120	9
122	121	9

122	121	9
123	122	9

123	122	9
124	123	9

124	123	9
125	124	9

125	124	9
126	125	9

123	122	9
144	143	9

144	143	9
145	144	9

145	144	9
146	145	9

146	145	9
147	146	9

147	146	9
148	147	9

148	147	9
149	148	9

149	148	9
150	149	9

150	149	9
151	150	9

151	150	9
152	151	9

152	151	9
153	152	9

153	152	9
154	153	9

154	153	9
155	154	9

155	154	9
156	155	9

156	155	9
157	156	9

157	156	9
158	157	9

158	157	9
159	158	9

203	202	10
204	203	10

204	203	10
205	204	10

205	204	10
206	205	10

206	205	10
207	206	10

207	206	10
208	207	10

208	207	10
209	208	10

209	208	10
210	209	10

210	209	10
211	210	10

211	210	10
212	211	10

212	211	10
213	212	10

213	212	10
214	213	10

214	213	10
215	214	10

215	214	10
216	215	10

216	215	10
217	216	10

217	216	10
218	217	10

218	217	10
219	218	10

219	218	10
220	219	10

220	219	10
221	220	10

221	220	10
222	221	10

222	221	10
223	222	10

223	222	10
224	223	10

224	223	10
225	224	10

225	224	10
226	225	10

226	225	10
227	226	10

227	226	10
228	227	10

228	227	10
229	228	10

229	228	10
230	229	10

230	229	10
231	230	10

231	230	10
232	231	10

232	231	10
233	232	10

233	232	10
234	233	10

279	278	11
280	279	11

280	279	11
281	280	11

281	280	11
282	281	11

282	281	11
283	282	11

283	282	11
284	283	11

284	283	11
285	284	11

285	284	11
286	285	11

286	285	11
287	286	11

287	286	11
288	287	11

280	279	11
302	301	11

281	280	11
303	302	11

282	281	11
304	303	11

283	282	11
305	304	11

284	283	11
306	305	11

285	284	11
307	306	11

286	285	11
308	307	11

287	286	11
309	308	11

288	287	11
310	309	11

307	306	11
317	316	11

308	307	11
318	317	11

309	308	11
319	318	11

310	309	11
320	319	11

317	316	11
327	326	11

318	317	11
328	327	11

319	318	11
329	328	11

320	319	11
330	329	11

317	316	11
335	334	11

318	317	11
336	335	11

319	318	11
337	336	11

320	319	11
338	337	11

327	326	11
341	340	11

328	327	11
342	341	11

329	328	11
343	342	11

330	329	11
344	343	11

359	358	12
360	359	12

360	359	12
361	360	12

361	360	12
362	361	12

362	361	12
363	362	12

363	362	12
364	363	12

364	363	12
365	364	12

365	364	12
366	365	12

366	365	12
367	366	12

367	366	12
368	367	12

368	367	12
369	368	12

369	368	12
370	369	12

370	369	12
371	370	12

371	370	12
372	371	12

372	371	12
373	372	12

373	372	12
374	373	12

374	373	12
375	374	12

375	374	12
376	375	12

376	375	12
377	376	12

377	376	12
378	377	12

378	377	12
379	378	12

379	378	12
380	379	12

380	379	12
381	380	12

381	380	12
382	381	12

382	381	12
383	382	12

383	382	12
384	383	12

384	383	12
385	384	12

385	384	12
386	385	12

386	385	12
387	386	12

387	386	12
388	387	12

388	387	12
389	388	12

389	388	12
390	389	12

390	389	12
391	390	12

391	390	12
392	391	12

392	391	12
393	392	12

393	392	12
394	393	12

416	415	13
417	416	13

417	416	13
418	417	13

418	417	13
419	418	13

419	418	13
420	419	13

420	419	13
421	420	13

421	420	13
422	421	13

422	421	13
423	422	13

423	422	13
424	423	13

417	416	13
433	432	13

418	417	13
434	433	13

419	418	13
435	434	13

420	419	13
436	435	13

421	420	13
437	436	13

422	421	13
438	437	13

423	422	13
439	438	13

422	421	13
440	439	13

423	422	13
441	440	13

424	423	13
442	441	13

423	422	13
451	450	13

451	450	13
452	451	13

452	451	13
453	452	13

453	452	13
454	453	13

454	453	13
455	454	13

455	454	13
456	455	13

456	455	13
457	456	13

457	456	13
458	457	13

458	457	13
459	458	13

459	458	13
460	459	13

460	459	13
461	460	13

461	460	13
462	461	13

462	461	13
463	462	13

463	462	13
464	463	13

478	477	14
479	478	14

479	478	14
480	479	14

480	479	14
481	480	14

481	480	14
482	481	14

482	481	14
483	482	14

483	482	14
484	483	14

484	483	14
485	484	14

485	484	14
486	485	14

486	485	14
487	486	14

487	486	14
488	487	14

488	487	14
489	488	14

489	488	14
490	489	14

490	489	14
491	490	14

491	490	14
492	491	14

492	491	14
493	492	14

493	492	14
494	493	14

494	493	14
495	494	14

495	494	14
496	495	14

478	477	14
519	518	14

479	478	14
520	519	14

480	479	14
521	520	14

481	480	14
522	521	14

482	481	14
523	522	14

483	482	14
524	523	14

484	483	14
525	524	14

485	484	14
526	525	14

486	485	14
527	526	14

487	486	14
528	527	14

488	487	14
529	528	14

489	488	14
530	529	14

490	489	14
531	530	14

491	490	14
532	531	14

492	491	14
533	532	14

493	492	14
534	533	14

494	493	14
535	534	14

495	494	14
536	535	14

496	495	14
537	536	14

553	552	15
554	553	15

554	553	15
555	554	15

555	554	15
556	555	15

556	555	15
557	556	15

557	556	15
558	557	15

558	557	15
559	558	15

559	558	15
560	559	15

560	559	15
561	560	15

561	560	15
562	561	15

562	561	15
563	562	15

563	562	15
564	563	15

564	563	15
565	564	15

565	564	15
566	565	15

566	565	15
567	566	15

567	566	15
568	567	15

554	553	15
574	573	15

555	554	15
575	574	15

556	555	15
576	575	15

557	556	15
577	576	15

558	557	15
578	577	15

559	558	15
579	578	15

560	559	15
580	579	15

561	560	15
581	580	15

562	561	15
582	581	15

563	562	15
583	582	15

564	563	15
584	583	15

565	564	15
585	584	15

566	565	15
586	585	15

567	566	15
587	586	15

614	613	16
615	614	16

615	614	16
616	615	16

616	615	16
617	616	16

617	616	16
618	617	16

618	617	16
619	618	16

619	618	16
620	619	16

620	619	16
621	620	16

621	620	16
622	621	16

622	621	16
623	622	16

614	613	16
665	664	16

615	614	16
666	665	16

616	615	16
667	666	16

617	616	16
668	667	16

618	617	16
669	668	16

619	618	16
670	669	16

620	619	16
671	670	16

621	620	16
672	671	16

622	621	16
673	672	16

623	622	16
674	673	16

665	664	16
714	713	16

666	665	16
715	714	16

667	666	16
716	715	16

668	667	16
717	716	16

669	668	16
718	717	16

670	669	16
719	718	16

671	670	16
720	719	16

672	671	16
721	720	16

673	672	16
722	721	16

674	673	16
723	722	16

126	125	17
127	126	17

127	126	17
128	127	17

128	127	17
129	128	17

129	128	17
130	129	17

130	129	17
131	130	17

131	130	17
132	131	17

132	131	17
133	132	17

133	132	17
134	133	17

134	133	17
135	134	17

135	134	17
136	135	17

136	135	17
137	136	17

137	136	17
138	137	17

138	137	17
139	138	17

139	138	17
140	139	17

140	139	17
141	140	17

141	140	17
142	141	17

142	141	17
143	142	17

133	132	17
160	159	17

160	159	17
161	160	17

161	160	17
162	161	17

162	161	17
163	162	17

163	162	17
164	163	17

164	163	17
165	164	17

165	164	17
166	165	17

166	165	17
167	166	17

167	166	17
168	167	17

168	167	17
169	168	17

163	162	17
170	169	17

170	169	17
171	170	17

171	170	17
172	171	17

172	171	17
173	172	17

173	172	17
174	173	17

174	173	17
175	174	17

175	174	17
176	175	17

172	171	17
177	176	17

177	176	17
178	177	17

178	177	17
179	178	17

179	178	17
180	179	17

234	233	18
235	234	18

235	234	18
236	235	18

236	235	18
237	236	18

237	236	18
238	237	18

238	237	18
239	238	18

239	238	18
240	239	18

240	239	18
241	240	18

241	240	18
242	241	18

242	241	18
243	242	18

243	242	18
244	243	18

244	243	18
245	244	18

245	244	18
246	245	18

246	245	18
247	246	18

247	246	18
248	247	18

248	247	18
249	248	18

249	248	18
250	249	18

250	249	18
251	250	18

251	250	18
252	251	18

252	251	18
253	252	18

253	252	18
254	253	18

236	235	18
295	294	18

236	235	18
316	315	18

316	315	18
326	325	18

316	315	18
334	333	18

326	325	18
340	339	18

334	333	18
348	347	18

288	287	19
289	288	19

289	288	19
290	289	19

290	289	19
291	290	19

291	290	19
292	291	19

292	291	19
293	292	19

293	292	19
294	293	19

289	288	19
311	310	19

290	289	19
312	311	19

291	290	19
313	312	19

292	291	19
314	313	19

293	292	19
315	314	19

311	310	19
321	320	19

312	311	19
322	321	19

313	312	19
323	322	19

314	313	19
324	323	19

315	314	19
325	324	19

313	312	19
331	330	19

314	313	19
332	331	19

315	314	19
333	332	19

325	324	19
339	338	19

331	330	19
345	344	19

332	331	19
346	345	19

333	332	19
347	346	19

496	495	20
497	496	20

497	496	20
498	497	20

498	497	20
499	498	20

499	498	20
500	499	20

500	499	20
501	500	20

501	500	20
502	501	20

502	501	20
503	502	20

503	502	20
504	503	20

504	503	20
505	504	20

505	504	20
506	505	20

506	505	20
507	506	20

507	506	20
508	507	20

508	507	20
509	508	20

497	496	20
538	537	20

498	497	20
539	538	20

499	498	20
540	539	20

500	499	20
541	540	20

501	500	20
542	541	20

502	501	20
543	542	20

503	502	20
544	543	20

504	503	20
545	544	20

505	504	20
546	545	20

506	505	20
547	546	20

507	506	20
548	547	20

508	507	20
549	548	20

623	622	21
624	623	21

624	623	21
625	624	21

625	624	21
626	625	21

626	625	21
627	626	21

627	626	21
628	627	21

628	627	21
629	628	21

629	628	21
630	629	21

630	629	21
631	630	21

624	623	21
675	674	21

625	624	21
676	675	21

626	625	21
677	676	21

627	626	21
678	677	21

628	627	21
679	678	21

629	628	21
680	679	21

630	629	21
681	680	21

675	674	21
724	723	21

676	675	21
725	724	21

677	676	21
726	725	21

678	677	21
727	726	21

679	678	21
728	727	21

680	679	21
729	728	21

681	680	21
730	729	21

631	630	22
632	631	22

632	631	22
633	632	22

633	632	22
634	633	22

634	633	22
635	634	22

633	632	22
648	647	22

634	633	22
649	648	22

631	630	22
682	681	22

632	631	22
683	682	22

633	632	22
684	683	22

634	633	22
685	684	22

648	647	22
699	698	22

649	648	22
700	699	22

682	681	22
731	730	22

683	682	22
732	731	22

684	683	22
733	732	22

685	684	22
734	733	22

699	698	22
748	747	22

700	699	22
749	748	22

734	733	22
754	753	22

748	747	22
768	767	22

749	748	22
769	768	22

699	698	22
787	786	22

700	699	22
788	787	22

734	733	22
793	792	22

699	698	22
799	798	22

700	699	22
800	799	22

734	733	22
805	804	22

699	698	22
808	807	22

700	699	22
809	808	22

734	733	22
814	813	22

734	733	22
819	818	22

734	733	22
822	821	22

635	634	23
636	635	23

635	634	23
650	649	23

650	649	23
651	650	23

651	650	23
652	651	23

651	650	23
653	652	23

635	634	23
686	685	23

650	649	23
701	700	23

651	650	23
702	701	23

652	651	23
703	702	23

653	652	23
704	703	23

686	685	23
735	734	23

701	700	23
750	749	23

702	701	23
751	750	23

703	702	23
752	751	23

704	703	23
753	752	23

735	734	23
755	754	23

750	749	23
770	769	23

751	750	23
771	770	23

752	751	23
772	771	23

753	752	23
773	772	23

686	685	23
774	773	23

701	700	23
789	788	23

702	701	23
790	789	23

703	702	23
791	790	23

704	703	23
792	791	23

701	700	23
801	800	23

702	701	23
802	801	23

703	702	23
803	802	23

704	703	23
804	803	23

701	700	23
810	809	23

702	701	23
811	810	23

703	702	23
812	811	23

704	703	23
813	812	23

701	700	23
815	814	23

702	701	23
816	815	23

703	702	23
817	816	23

704	703	23
818	817	23

703	702	23
820	819	23

704	703	23
821	820	23

636	635	24
637	636	24

637	636	24
638	637	24

638	637	24
639	638	24

639	638	24
640	639	24

640	639	24
641	640	24

641	640	24
642	641	24

642	641	24
643	642	24

636	635	24
687	686	24

637	636	24
688	687	24

638	637	24
689	688	24

639	638	24
690	689	24

640	639	24
691	690	24

641	640	24
692	691	24

642	641	24
693	692	24

687	686	24
736	735	24

688	687	24
737	736	24

689	688	24
738	737	24

690	689	24
739	738	24

691	690	24
740	739	24

692	691	24
741	740	24

693	692	24
742	741	24

736	735	24
756	755	24

737	736	24
757	756	24

738	737	24
758	757	24

739	738	24
759	758	24

740	739	24
760	759	24

741	740	24
761	760	24

742	741	24
762	761	24

687	686	24
775	774	24

688	687	24
776	775	24

689	688	24
777	776	24

690	689	24
778	777	24

691	690	24
779	778	24

692	691	24
780	779	24

693	692	24
781	780	24

643	642	25
644	643	25

644	643	25
645	644	25

645	644	25
646	645	25

646	645	25
647	646	25

643	642	25
694	693	25

644	643	25
695	694	25

645	644	25
696	695	25

646	645	25
697	696	25

647	646	25
698	697	25

694	693	25
743	742	25

695	694	25
744	743	25

696	695	25
745	744	25

697	696	25
746	745	25

698	697	25
747	746	25

743	742	25
763	762	25

744	743	25
764	763	25

745	744	25
765	764	25

746	745	25
766	765	25

747	746	25
767	766	25

694	693	25
782	781	25

695	694	25
783	782	25

696	695	25
784	783	25

697	696	25
785	784	25

698	697	25
786	785	25

694	693	25
794	793	25

695	694	25
795	794	25

696	695	25
796	795	25

697	696	25
797	796	25

698	697	25
798	797	25

697	696	25
806	805	25

698	697	25
807	806	25

