0.077	0	0
879	878	0

0.077	0	0
1	0	0

0.077	0	0
3	2	0

0.077	0	0
4	3	0

0	0	0
5	4	0

5	4	0
6	5	0

6	5	0
7	6	0

7	6	0
8	7	0

8	7	0
9	8	0

9	8	0
10	9	0

10	9	0
11	10	0

11	10	0
12	11	0

12	11	0
13	12	0

13	12	0
14	13	0

14	13	0
15	14	0

15	14	0
16	15	0

16	15	0
17	16	0

17	16	0
18	17	0

18	17	0
19	18	0

19	18	0
20	19	0

20	19	0
21	20	0

21	20	0
22	21	0

22	21	0
23	22	0

23	22	0
24	23	0

24	23	0
25	24	0

25	24	0
26	25	0

26	25	0
27	26	0

27	26	0
28	27	0

28	27	0
29	28	0

29	28	0
30	29	0

30	29	0
31	30	0

31	30	0
32	31	0

32	31	0
33	32	0

33	32	0
34	33	0

34	33	0
35	34	0

35	34	0
36	35	0

36	35	0
37	36	0

37	36	0
38	37	0

38	37	0
39	38	0

39	38	0
40	39	0

40	39	0
41	40	0

41	40	0
42	41	0

42	41	0
43	42	0

12	11	0
44	43	0

44	43	0
45	44	0

45	44	0
46	45	0

46	45	0
47	46	0

47	46	0
48	47	0

48	47	0
49	48	0

49	48	0
50	49	0

50	49	0
51	50	0

51	50	0
52	51	0

52	51	0
53	52	0

53	52	0
54	53	0

47	46	0
55	54	0

55	54	0
56	55	0

56	55	0
57	56	0

57	56	0
58	57	0

58	57	0
59	58	0

59	58	0
60	59	0

60	59	0
61	60	0

61	60	0
62	61	0

62	61	0
63	62	0

47	46	0
64	63	0

64	63	0
65	64	0

65	64	0
66	65	0

66	65	0
67	66	0

67	66	0
68	67	0

68	67	0
69	68	0

66	65	0
70	69	0

70	69	0
71	70	0

67	66	0
72	71	0

72	71	0
73	72	0

68	67	0
74	73	0

74	73	0
75	74	0

21	20	0
76	75	0

76	75	0
77	76	0

77	76	0
78	77	0

78	77	0
79	78	0

79	78	0
80	79	0

80	79	0
81	80	0

81	80	0
82	81	0

82	81	0
83	82	0

78	77	0
84	83	0

84	83	0
85	84	0

85	84	0
86	85	0

86	85	0
87	86	0

87	86	0
88	87	0

88	87	0
89	88	0

89	88	0
90	89	0

90	89	0
91	90	0

91	90	0
92	91	0

90	89	0
93	92	0

879	878	0
94	93	0

94	93	0
95	94	0

95	94	0
96	95	0

96	95	0
97	96	0

97	96	0
98	97	0

98	97	0
99	98	0

99	98	0
100	99	0

100	99	0
101	100	0

101	100	0
102	101	0

102	101	0
103	102	0

103	102	0
104	103	0

104	103	0
105	104	0

105	104	0
106	105	0

106	105	0
107	106	0

107	106	0
108	107	0

108	107	0
109	108	0

109	108	0
110	109	0

110	109	0
111	110	0

111	110	0
112	111	0

112	111	0
113	112	0

113	112	0
114	113	0

114	113	0
115	114	0

115	114	0
116	115	0

116	115	0
117	116	0

117	116	0
118	117	0

118	117	0
119	118	0

119	118	0
120	119	0

120	119	0
121	120	0

121	120	0
122	121	0

122	121	0
123	122	0

123	122	0
124	123	0

124	123	0
125	124	0

125	124	0
126	125	0

126	125	0
127	126	0

127	126	0
128	127	0

128	127	0
129	128	0

129	128	0
130	129	0

130	129	0
131	130	0

131	130	0
132	131	0

132	131	0
133	132	0

133	132	0
134	133	0

134	133	0
135	134	0

135	134	0
136	135	0

136	135	0
137	136	0

137	136	0
138	137	0

138	137	0
139	138	0

139	138	0
140	139	0

140	139	0
141	140	0

141	140	0
142	141	0

142	141	0
143	142	0

123	122	0
144	143	0

144	143	0
145	144	0

145	144	0
146	145	0

146	145	0
147	146	0

147	146	0
148	147	0

148	147	0
149	148	0

149	148	0
150	149	0

150	149	0
151	150	0

151	150	0
152	151	0

152	151	0
153	152	0

153	152	0
154	153	0

154	153	0
155	154	0

155	154	0
156	155	0

156	155	0
157	156	0

157	156	0
158	157	0

158	157	0
159	158	0

133	132	0
160	159	0

160	159	0
161	160	0

161	160	0
162	161	0

162	161	0
163	162	0

163	162	0
164	163	0

164	163	0
165	164	0

165	164	0
166	165	0

166	165	0
167	166	0

167	166	0
168	167	0

168	167	0
169	168	0

163	162	0
170	169	0

170	169	0
171	170	0

171	170	0
172	171	0

172	171	0
173	172	0

173	172	0
174	173	0

174	173	0
175	174	0

175	174	0
176	175	0

172	171	0
177	176	0

177	176	0
178	177	0

178	177	0
179	178	0

179	178	0
180	179	0

99	98	0
181	180	0

181	180	0
182	181	0

182	181	0
183	182	0

183	182	0
184	183	0

184	183	0
185	184	0

185	184	0
186	185	0

186	185	0
187	186	0

187	186	0
188	187	0

188	187	0
189	188	0

184	183	0
190	189	0

190	189	0
191	190	0

191	190	0
192	191	0

187	186	0
193	192	0

193	192	0
194	193	0

193	192	0
195	194	0

194	193	0
196	195	0

195	194	0
197	196	0

196	195	0
198	197	0

196	195	0
199	198	0

197	196	0
200	199	0

197	196	0
201	200	0

4	3	0
823	822	0

823	822	0
824	823	0

824	823	0
825	824	0

825	824	0
826	825	0

826	825	0
827	826	0

827	826	0
828	827	0

828	827	0
829	828	0

829	828	0
830	829	0

830	829	0
831	830	0

831	830	0
832	831	0

832	831	0
833	832	0

833	832	0
834	833	0

834	833	0
835	834	0

835	834	0
836	835	0

836	835	0
837	836	0

837	836	0
838	837	0

838	837	0
839	838	0

839	838	0
840	839	0

840	839	0
841	840	0

841	840	0
842	841	0

842	841	0
843	842	0

843	842	0
844	843	0

844	843	0
845	844	0

845	844	0
846	845	0

846	845	0
847	846	0

847	846	0
848	847	0

848	847	0
849	848	0

849	848	0
850	849	0

850	849	0
851	850	0

834	833	0
852	851	0

835	834	0
853	852	0

836	835	0
854	853	0

837	836	0
855	854	0

838	837	0
856	855	0

839	838	0
857	856	0

840	839	0
858	857	0

841	840	0
859	858	0

842	841	0
860	859	0

843	842	0
861	860	0

844	843	0
862	861	0

845	844	0
863	862	0

846	845	0
864	863	0

847	846	0
865	864	0

848	847	0
866	865	0

849	848	0
867	866	0

850	849	0
868	867	0

845	844	0
869	868	0

846	845	0
870	869	0

847	846	0
871	870	0

848	847	0
872	871	0

849	848	0
874	872	0

850	849	0
875	875	0

848	847	0
876	876	0

849	848	0
877	877	0

850	849	0
878	878	0

0.077	0	1
0	879	1

0	879	1
202	201	1

202	201	1
203	202	1

203	202	1
204	203	1

204	203	1
205	204	1

205	204	1
206	205	1

206	205	1
207	206	1

207	206	1
208	207	1

208	207	1
209	208	1

209	208	1
210	209	1

210	209	1
211	210	1

211	210	1
212	211	1

212	211	1
213	212	1

213	212	1
214	213	1

214	213	1
215	214	1

215	214	1
216	215	1

216	215	1
217	216	1

217	216	1
218	217	1

218	217	1
219	218	1

219	218	1
220	219	1

220	219	1
221	220	1

221	220	1
222	221	1

222	221	1
223	222	1

223	222	1
224	223	1

224	223	1
225	224	1

225	224	1
226	225	1

226	225	1
227	226	1

227	226	1
228	227	1

228	227	1
229	228	1

229	228	1
230	229	1

230	229	1
231	230	1

231	230	1
232	231	1

232	231	1
233	232	1

233	232	1
234	233	1

234	233	1
235	234	1

235	234	1
236	235	1

236	235	1
237	236	1

237	236	1
238	237	1

238	237	1
239	238	1

239	238	1
240	239	1

240	239	1
241	240	1

241	240	1
242	241	1

242	241	1
243	242	1

243	242	1
244	243	1

244	243	1
245	244	1

245	244	1
246	245	1

246	245	1
247	246	1

247	246	1
248	247	1

248	247	1
249	248	1

249	248	1
250	249	1

250	249	1
251	250	1

251	250	1
252	251	1

252	251	1
253	252	1

253	252	1
254	253	1

203	202	1
255	254	1

255	254	1
256	255	1

256	255	1
257	256	1

257	256	1
258	257	1

258	257	1
259	258	1

259	258	1
260	259	1

260	259	1
261	260	1

261	260	1
262	261	1

262	261	1
263	262	1

263	262	1
264	263	1

264	263	1
265	264	1

265	264	1
266	265	1

266	265	1
267	266	1

267	266	1
268	267	1

268	267	1
269	268	1

269	268	1
270	269	1

270	269	1
271	270	1

271	270	1
272	271	1

272	271	1
273	272	1

273	272	1
274	273	1

274	273	1
275	274	1

275	274	1
276	275	1

276	275	1
277	276	1

277	276	1
278	277	1

278	277	1
279	278	1

279	278	1
280	279	1

280	279	1
281	280	1

281	280	1
282	281	1

282	281	1
283	282	1

283	282	1
284	283	1

284	283	1
285	284	1

285	284	1
286	285	1

286	285	1
287	286	1

287	286	1
288	287	1

288	287	1
289	288	1

289	288	1
290	289	1

290	289	1
291	290	1

291	290	1
292	291	1

292	291	1
293	292	1

293	292	1
294	293	1

236	235	1
295	294	1

274	273	1
296	295	1

275	274	1
297	296	1

276	275	1
298	297	1

277	276	1
299	298	1

278	277	1
300	299	1

279	278	1
301	300	1

280	279	1
302	301	1

281	280	1
303	302	1

282	281	1
304	303	1

283	282	1
305	304	1

284	283	1
306	305	1

285	284	1
307	306	1

286	285	1
308	307	1

287	286	1
309	308	1

288	287	1
310	309	1

289	288	1
311	310	1

290	289	1
312	311	1

291	290	1
313	312	1

292	291	1
314	313	1

293	292	1
315	314	1

236	235	1
316	315	1

307	306	1
317	316	1

308	307	1
318	317	1

309	308	1
319	318	1

310	309	1
320	319	1

311	310	1
321	320	1

312	311	1
322	321	1

313	312	1
323	322	1

314	313	1
324	323	1

315	314	1
325	324	1

316	315	1
326	325	1

317	316	1
327	326	1

318	317	1
328	327	1

319	318	1
329	328	1

320	319	1
330	329	1

313	312	1
331	330	1

314	313	1
332	331	1

315	314	1
333	332	1

316	315	1
334	333	1

317	316	1
335	334	1

318	317	1
336	335	1

319	318	1
337	336	1

320	319	1
338	337	1

325	324	1
339	338	1

326	325	1
340	339	1

327	326	1
341	340	1

328	327	1
342	341	1

329	328	1
343	342	1

330	329	1
344	343	1

331	330	1
345	344	1

332	331	1
346	345	1

333	332	1
347	346	1

334	333	1
348	347	1

1	0	2
349	348	2

349	348	2
350	349	2

350	349	2
351	350	2

351	350	2
352	351	2

352	351	2
353	352	2

353	352	2
354	353	2

354	353	2
355	354	2

355	354	2
356	355	2

356	355	2
357	356	2

357	356	2
358	357	2

358	357	2
359	358	2

359	358	2
360	359	2

360	359	2
361	360	2

361	360	2
362	361	2

362	361	2
363	362	2

363	362	2
364	363	2

364	363	2
365	364	2

365	364	2
366	365	2

366	365	2
367	366	2

367	366	2
368	367	2

368	367	2
369	368	2

369	368	2
370	369	2

370	369	2
371	370	2

371	370	2
372	371	2

372	371	2
373	372	2

373	372	2
374	373	2

374	373	2
375	374	2

375	374	2
376	375	2

376	375	2
377	376	2

377	376	2
378	377	2

378	377	2
379	378	2

379	378	2
380	379	2

380	379	2
381	380	2

381	380	2
382	381	2

382	381	2
383	382	2

383	382	2
384	383	2

384	383	2
385	384	2

385	384	2
386	385	2

386	385	2
387	386	2

387	386	2
388	387	2

388	387	2
389	388	2

389	388	2
390	389	2

390	389	2
391	390	2

391	390	2
392	391	2

392	391	2
393	392	2

393	392	2
394	393	2

357	356	2
395	394	2

395	394	2
396	395	2

396	395	2
397	396	2

397	396	2
398	397	2

398	397	2
399	398	2

399	398	2
400	399	2

400	399	2
401	400	2

401	400	2
402	401	2

402	401	2
403	402	2

403	402	2
404	403	2

404	403	2
405	404	2

405	404	2
406	405	2

406	405	2
407	406	2

407	406	2
408	407	2

408	407	2
409	408	2

409	408	2
410	409	2

410	409	2
411	410	2

411	410	2
412	411	2

412	411	2
413	412	2

413	412	2
414	413	2

414	413	2
415	414	2

415	414	2
416	415	2

416	415	2
417	416	2

417	416	2
418	417	2

418	417	2
419	418	2

419	418	2
420	419	2

420	419	2
421	420	2

421	420	2
422	421	2

422	421	2
423	422	2

423	422	2
424	423	2

405	404	2
425	424	2

410	409	2
426	425	2

411	410	2
427	426	2

412	411	2
428	427	2

413	412	2
429	428	2

414	413	2
430	429	2

415	414	2
431	430	2

416	415	2
432	431	2

417	416	2
433	432	2

418	417	2
434	433	2

419	418	2
435	434	2

420	419	2
436	435	2

421	420	2
437	436	2

422	421	2
438	437	2

423	422	2
439	438	2

422	421	2
440	439	2

423	422	2
441	440	2

424	423	2
442	441	2

425	424	2
443	442	2

426	425	2
444	443	2

427	426	2
445	444	2

428	427	2
446	445	2

429	428	2
447	446	2

430	429	2
448	447	2

431	430	2
449	448	2

432	431	2
450	449	2

423	422	2
451	450	2

451	450	2
452	451	2

452	451	2
453	452	2

453	452	2
454	453	2

454	453	2
455	454	2

455	454	2
456	455	2

456	455	2
457	456	2

457	456	2
458	457	2

458	457	2
459	458	2

459	458	2
460	459	2

460	459	2
461	460	2

461	460	2
462	461	2

462	461	2
463	462	2

463	462	2
464	463	2

0.077	0	3
2	1	3

2	1	3
465	464	3

465	464	3
466	465	3

466	465	3
467	466	3

467	466	3
468	467	3

468	467	3
469	468	3

469	468	3
470	469	3

470	469	3
471	470	3

471	470	3
472	471	3

472	471	3
473	472	3

473	472	3
474	473	3

474	473	3
475	474	3

475	474	3
476	475	3

476	475	3
477	476	3

477	476	3
478	477	3

478	477	3
479	478	3

479	478	3
480	479	3

480	479	3
481	480	3

481	480	3
482	481	3

482	481	3
483	482	3

483	482	3
484	483	3

484	483	3
485	484	3

485	484	3
486	485	3

486	485	3
487	486	3

487	486	3
488	487	3

488	487	3
489	488	3

489	488	3
490	489	3

490	489	3
491	490	3

491	490	3
492	491	3

492	491	3
493	492	3

493	492	3
494	493	3

494	493	3
495	494	3

495	494	3
496	495	3

496	495	3
497	496	3

497	496	3
498	497	3

498	497	3
499	498	3

499	498	3
500	499	3

500	499	3
501	500	3

501	500	3
502	501	3

502	501	3
503	502	3

503	502	3
504	503	3

504	503	3
505	504	3

505	504	3
506	505	3

506	505	3
507	506	3

507	506	3
508	507	3

508	507	3
509	508	3

469	468	3
510	509	3

470	469	3
511	510	3

471	470	3
512	511	3

472	471	3
513	512	3

473	472	3
514	513	3

474	473	3
515	514	3

475	474	3
516	515	3

476	475	3
517	516	3

477	476	3
518	517	3

478	477	3
519	518	3

479	478	3
520	519	3

480	479	3
521	520	3

481	480	3
522	521	3

482	481	3
523	522	3

483	482	3
524	523	3

484	483	3
525	524	3

485	484	3
526	525	3

486	485	3
527	526	3

487	486	3
528	527	3

488	487	3
529	528	3

489	488	3
530	529	3

490	489	3
531	530	3

491	490	3
532	531	3

492	491	3
533	532	3

493	492	3
534	533	3

494	493	3
535	534	3

495	494	3
536	535	3

496	495	3
537	536	3

497	496	3
538	537	3

498	497	3
539	538	3

499	498	3
540	539	3

500	499	3
541	540	3

501	500	3
542	541	3

502	501	3
543	542	3

503	502	3
544	543	3

504	503	3
545	544	3

505	504	3
546	545	3

506	505	3
547	546	3

507	506	3
548	547	3

508	507	3
549	548	3

469	468	3
550	549	3

550	549	3
551	550	3

551	550	3
552	551	3

552	551	3
553	552	3

553	552	3
554	553	3

554	553	3
555	554	3

555	554	3
556	555	3

556	555	3
557	556	3

557	556	3
558	557	3

558	557	3
559	558	3

559	558	3
560	559	3

560	559	3
561	560	3

561	560	3
562	561	3

562	561	3
563	562	3

563	562	3
564	563	3

564	563	3
565	564	3

565	564	3
566	565	3

566	565	3
567	566	3

567	566	3
568	567	3

551	550	3
569	568	3

550	549	3
570	569	3

551	550	3
571	570	3

552	551	3
572	571	3

553	552	3
573	572	3

554	553	3
574	573	3

555	554	3
575	574	3

556	555	3
576	575	3

557	556	3
577	576	3

558	557	3
578	577	3

559	558	3
579	578	3

560	559	3
580	579	3

561	560	3
581	580	3

562	561	3
582	581	3

563	562	3
583	582	3

564	563	3
584	583	3

565	564	3
585	584	3

566	565	3
586	585	3

567	566	3
587	586	3

473	472	3
588	587	3

588	587	3
589	588	3

589	588	3
590	589	3

590	589	3
591	590	3

591	590	3
592	591	3

592	591	3
593	592	3

593	592	3
594	593	3

594	593	3
595	594	3

595	594	3
596	595	3

596	595	3
597	596	3

597	596	3
598	597	3

598	597	3
599	598	3

599	598	3
600	599	3

600	599	3
601	600	3

3	2	4
602	601	4

602	601	4
603	602	4

603	602	4
604	603	4

604	603	4
605	604	4

605	604	4
606	605	4

606	605	4
607	606	4

607	606	4
608	607	4

608	607	4
609	608	4

609	608	4
610	609	4

610	609	4
611	610	4

611	610	4
612	611	4

612	611	4
613	612	4

613	612	4
614	613	4

614	613	4
615	614	4

615	614	4
616	615	4

616	615	4
617	616	4

617	616	4
618	617	4

618	617	4
619	618	4

619	618	4
620	619	4

620	619	4
621	620	4

621	620	4
622	621	4

622	621	4
623	622	4

623	622	4
624	623	4

624	623	4
625	624	4

625	624	4
626	625	4

626	625	4
627	626	4

627	626	4
628	627	4

628	627	4
629	628	4

629	628	4
630	629	4

630	629	4
631	630	4

631	630	4
632	631	4

632	631	4
633	632	4

633	632	4
634	633	4

634	633	4
635	634	4

635	634	4
636	635	4

636	635	4
637	636	4

637	636	4
638	637	4

638	637	4
639	638	4

639	638	4
640	639	4

640	639	4
641	640	4

641	640	4
642	641	4

642	641	4
643	642	4

643	642	4
644	643	4

644	643	4
645	644	4

645	644	4
646	645	4

646	645	4
647	646	4

633	632	4
648	647	4

634	633	4
649	648	4

635	634	4
650	649	4

650	649	4
651	650	4

651	650	4
652	651	4

651	650	4
653	652	4

603	602	4
654	653	4

604	603	4
655	654	4

605	604	4
656	655	4

606	605	4
657	656	4

607	606	4
658	657	4

608	607	4
659	658	4

609	608	4
660	659	4

610	609	4
661	660	4

611	610	4
662	661	4

612	611	4
663	662	4

613	612	4
664	663	4

614	613	4
665	664	4

615	614	4
666	665	4

616	615	4
667	666	4

617	616	4
668	667	4

618	617	4
669	668	4

619	618	4
670	669	4

620	619	4
671	670	4

621	620	4
672	671	4

622	621	4
673	672	4

623	622	4
674	673	4

624	623	4
675	674	4

625	624	4
676	675	4

626	625	4
677	676	4

627	626	4
678	677	4

628	627	4
679	678	4

629	628	4
680	679	4

630	629	4
681	680	4

631	630	4
682	681	4

632	631	4
683	682	4

633	632	4
684	683	4

634	633	4
685	684	4

635	634	4
686	685	4

636	635	4
687	686	4

637	636	4
688	687	4

638	637	4
689	688	4

639	638	4
690	689	4

640	639	4
691	690	4

641	640	4
692	691	4

642	641	4
693	692	4

643	642	4
694	693	4

644	643	4
695	694	4

645	644	4
696	695	4

646	645	4
697	696	4

647	646	4
698	697	4

648	647	4
699	698	4

649	648	4
700	699	4

650	649	4
701	700	4

651	650	4
702	701	4

652	651	4
703	702	4

653	652	4
704	703	4

656	655	4
705	704	4

657	656	4
706	705	4

658	657	4
707	706	4

659	658	4
708	707	4

660	659	4
709	708	4

661	660	4
710	709	4

662	661	4
711	710	4

663	662	4
712	711	4

664	663	4
713	712	4

665	664	4
714	713	4

666	665	4
715	714	4

667	666	4
716	715	4

668	667	4
717	716	4

669	668	4
718	717	4

670	669	4
719	718	4

671	670	4
720	719	4

672	671	4
721	720	4

673	672	4
722	721	4

674	673	4
723	722	4

675	674	4
724	723	4

676	675	4
725	724	4

677	676	4
726	725	4

678	677	4
727	726	4

679	678	4
728	727	4

680	679	4
729	728	4

681	680	4
730	729	4

682	681	4
731	730	4

683	682	4
732	731	4

684	683	4
733	732	4

685	684	4
734	733	4

686	685	4
735	734	4

687	686	4
736	735	4

688	687	4
737	736	4

689	688	4
738	737	4

690	689	4
739	738	4

691	690	4
740	739	4

692	691	4
741	740	4

693	692	4
742	741	4

694	693	4
743	742	4

695	694	4
744	743	4

696	695	4
745	744	4

697	696	4
746	745	4

698	697	4
747	746	4

699	698	4
748	747	4

700	699	4
749	748	4

701	700	4
750	749	4

702	701	4
751	750	4

703	702	4
752	751	4

704	703	4
753	752	4

734	733	4
754	753	4

735	734	4
755	754	4

736	735	4
756	755	4

737	736	4
757	756	4

738	737	4
758	757	4

739	738	4
759	758	4

740	739	4
760	759	4

741	740	4
761	760	4

742	741	4
762	761	4

743	742	4
763	762	4

744	743	4
764	763	4

745	744	4
765	764	4

746	745	4
766	765	4

747	746	4
767	766	4

748	747	4
768	767	4

749	748	4
769	768	4

750	749	4
770	769	4

751	750	4
771	770	4

752	751	4
772	771	4

753	752	4
773	772	4

686	685	4
774	773	4

687	686	4
775	774	4

688	687	4
776	775	4

689	688	4
777	776	4

690	689	4
778	777	4

691	690	4
779	778	4

692	691	4
780	779	4

693	692	4
781	780	4

694	693	4
782	781	4

695	694	4
783	782	4

696	695	4
784	783	4

697	696	4
785	784	4

698	697	4
786	785	4

699	698	4
787	786	4

700	699	4
788	787	4

701	700	4
789	788	4

702	701	4
790	789	4

703	702	4
791	790	4

704	703	4
792	791	4

734	733	4
793	792	4

694	693	4
794	793	4

695	694	4
795	794	4

696	695	4
796	795	4

697	696	4
797	796	4

698	697	4
798	797	4

699	698	4
799	798	4

700	699	4
800	799	4

701	700	4
801	800	4

702	701	4
802	801	4

703	702	4
803	802	4

704	703	4
804	803	4

734	733	4
805	804	4

697	696	4
806	805	4

698	697	4
807	806	4

699	698	4
808	807	4

700	699	4
809	808	4

701	700	4
810	809	4

702	701	4
811	810	4

703	702	4
812	811	4

704	703	4
813	812	4

734	733	4
814	813	4

701	700	4
815	814	4

702	701	4
816	815	4

703	702	4
817	816	4

704	703	4
818	817	4

734	733	4
819	818	4

703	702	4
820	819	4

704	703	4
821	820	4

734	733	4
822	821	4

