0.077	0	0
879	878	0

0.077	0	0
0	879	0

0.077	0	0
1	0	0

0.077	0	0
2	1	0

0.077	0	0
4	3	0

0	0	0
5	4	0

5	4	0
6	5	0

6	5	0
7	6	0

7	6	0
8	7	0

8	7	0
9	8	0

9	8	0
10	9	0

10	9	0
11	10	0

11	10	0
12	11	0

12	11	0
13	12	0

13	12	0
14	13	0

14	13	0
15	14	0

15	14	0
16	15	0

16	15	0
17	16	0

17	16	0
18	17	0

18	17	0
19	18	0

19	18	0
20	19	0

20	19	0
21	20	0

21	20	0
22	21	0

22	21	0
23	22	0

23	22	0
24	23	0

24	23	0
25	24	0

25	24	0
26	25	0

26	25	0
27	26	0

27	26	0
28	27	0

28	27	0
29	28	0

29	28	0
30	29	0

30	29	0
31	30	0

31	30	0
32	31	0

32	31	0
33	32	0

33	32	0
34	33	0

34	33	0
35	34	0

35	34	0
36	35	0

36	35	0
37	36	0

37	36	0
38	37	0

38	37	0
39	38	0

39	38	0
40	39	0

40	39	0
41	40	0

41	40	0
42	41	0

42	41	0
43	42	0

12	11	0
44	43	0

44	43	0
45	44	0

45	44	0
46	45	0

46	45	0
47	46	0

47	46	0
48	47	0

48	47	0
49	48	0

49	48	0
50	49	0

50	49	0
51	50	0

51	50	0
52	51	0

52	51	0
53	52	0

53	52	0
54	53	0

47	46	0
55	54	0

55	54	0
56	55	0

56	55	0
57	56	0

57	56	0
58	57	0

58	57	0
59	58	0

59	58	0
60	59	0

60	59	0
61	60	0

61	60	0
62	61	0

62	61	0
63	62	0

47	46	0
64	63	0

64	63	0
65	64	0

65	64	0
66	65	0

66	65	0
67	66	0

67	66	0
68	67	0

68	67	0
69	68	0

66	65	0
70	69	0

70	69	0
71	70	0

67	66	0
72	71	0

72	71	0
73	72	0

68	67	0
74	73	0

74	73	0
75	74	0

21	20	0
76	75	0

76	75	0
77	76	0

77	76	0
78	77	0

78	77	0
79	78	0

79	78	0
80	79	0

80	79	0
81	80	0

81	80	0
82	81	0

82	81	0
83	82	0

78	77	0
84	83	0

84	83	0
85	84	0

85	84	0
86	85	0

86	85	0
87	86	0

87	86	0
88	87	0

88	87	0
89	88	0

89	88	0
90	89	0

90	89	0
91	90	0

91	90	0
92	91	0

90	89	0
93	92	0

879	878	0
94	93	0

94	93	0
95	94	0

95	94	0
96	95	0

96	95	0
97	96	0

97	96	0
98	97	0

98	97	0
99	98	0

99	98	0
100	99	0

100	99	0
101	100	0

101	100	0
102	101	0

102	101	0
103	102	0

103	102	0
104	103	0

104	103	0
105	104	0

105	104	0
106	105	0

106	105	0
107	106	0

107	106	0
108	107	0

108	107	0
109	108	0

109	108	0
110	109	0

110	109	0
111	110	0

111	110	0
112	111	0

112	111	0
113	112	0

113	112	0
114	113	0

114	113	0
115	114	0

115	114	0
116	115	0

116	115	0
117	116	0

117	116	0
118	117	0

118	117	0
119	118	0

119	118	0
120	119	0

120	119	0
121	120	0

121	120	0
122	121	0

122	121	0
123	122	0

123	122	0
124	123	0

124	123	0
125	124	0

125	124	0
126	125	0

126	125	0
127	126	0

127	126	0
128	127	0

128	127	0
129	128	0

129	128	0
130	129	0

130	129	0
131	130	0

131	130	0
132	131	0

132	131	0
133	132	0

133	132	0
134	133	0

134	133	0
135	134	0

135	134	0
136	135	0

136	135	0
137	136	0

137	136	0
138	137	0

138	137	0
139	138	0

139	138	0
140	139	0

140	139	0
141	140	0

141	140	0
142	141	0

142	141	0
143	142	0

123	122	0
144	143	0

144	143	0
145	144	0

145	144	0
146	145	0

146	145	0
147	146	0

147	146	0
148	147	0

148	147	0
149	148	0

149	148	0
150	149	0

150	149	0
151	150	0

151	150	0
152	151	0

152	151	0
153	152	0

153	152	0
154	153	0

154	153	0
155	154	0

155	154	0
156	155	0

156	155	0
157	156	0

157	156	0
158	157	0

158	157	0
159	158	0

133	132	0
160	159	0

160	159	0
161	160	0

161	160	0
162	161	0

162	161	0
163	162	0

163	162	0
164	163	0

164	163	0
165	164	0

165	164	0
166	165	0

166	165	0
167	166	0

167	166	0
168	167	0

168	167	0
169	168	0

163	162	0
170	169	0

170	169	0
171	170	0

171	170	0
172	171	0

172	171	0
173	172	0

173	172	0
174	173	0

174	173	0
175	174	0

175	174	0
176	175	0

172	171	0
177	176	0

177	176	0
178	177	0

178	177	0
179	178	0

179	178	0
180	179	0

99	98	0
181	180	0

181	180	0
182	181	0

182	181	0
183	182	0

183	182	0
184	183	0

184	183	0
185	184	0

185	184	0
186	185	0

186	185	0
187	186	0

187	186	0
188	187	0

188	187	0
189	188	0

184	183	0
190	189	0

190	189	0
191	190	0

191	190	0
192	191	0

187	186	0
193	192	0

193	192	0
194	193	0

193	192	0
195	194	0

194	193	0
196	195	0

195	194	0
197	196	0

196	195	0
198	197	0

196	195	0
199	198	0

197	196	0
200	199	0

197	196	0
201	200	0

1	0	0
349	348	0

349	348	0
350	349	0

350	349	0
351	350	0

351	350	0
352	351	0

352	351	0
353	352	0

353	352	0
354	353	0

354	353	0
355	354	0

355	354	0
356	355	0

356	355	0
357	356	0

357	356	0
358	357	0

358	357	0
359	358	0

359	358	0
360	359	0

360	359	0
361	360	0

361	360	0
362	361	0

362	361	0
363	362	0

363	362	0
364	363	0

364	363	0
365	364	0

365	364	0
366	365	0

366	365	0
367	366	0

367	366	0
368	367	0

368	367	0
369	368	0

369	368	0
370	369	0

370	369	0
371	370	0

371	370	0
372	371	0

372	371	0
373	372	0

373	372	0
374	373	0

374	373	0
375	374	0

375	374	0
376	375	0

376	375	0
377	376	0

377	376	0
378	377	0

378	377	0
379	378	0

379	378	0
380	379	0

380	379	0
381	380	0

381	380	0
382	381	0

382	381	0
383	382	0

383	382	0
384	383	0

384	383	0
385	384	0

385	384	0
386	385	0

386	385	0
387	386	0

387	386	0
388	387	0

388	387	0
389	388	0

389	388	0
390	389	0

390	389	0
391	390	0

391	390	0
392	391	0

392	391	0
393	392	0

393	392	0
394	393	0

357	356	0
395	394	0

395	394	0
396	395	0

396	395	0
397	396	0

397	396	0
398	397	0

398	397	0
399	398	0

399	398	0
400	399	0

400	399	0
401	400	0

401	400	0
402	401	0

402	401	0
403	402	0

403	402	0
404	403	0

404	403	0
405	404	0

405	404	0
406	405	0

406	405	0
407	406	0

407	406	0
408	407	0

408	407	0
409	408	0

409	408	0
410	409	0

410	409	0
411	410	0

411	410	0
412	411	0

412	411	0
413	412	0

413	412	0
414	413	0

414	413	0
415	414	0

415	414	0
416	415	0

416	415	0
417	416	0

417	416	0
418	417	0

418	417	0
419	418	0

419	418	0
420	419	0

420	419	0
421	420	0

421	420	0
422	421	0

422	421	0
423	422	0

423	422	0
424	423	0

405	404	0
425	424	0

410	409	0
426	425	0

411	410	0
427	426	0

412	411	0
428	427	0

413	412	0
429	428	0

414	413	0
430	429	0

415	414	0
431	430	0

416	415	0
432	431	0

417	416	0
433	432	0

418	417	0
434	433	0

419	418	0
435	434	0

420	419	0
436	435	0

421	420	0
437	436	0

422	421	0
438	437	0

423	422	0
439	438	0

422	421	0
440	439	0

423	422	0
441	440	0

424	423	0
442	441	0

425	424	0
443	442	0

426	425	0
444	443	0

427	426	0
445	444	0

428	427	0
446	445	0

429	428	0
447	446	0

430	429	0
448	447	0

431	430	0
449	448	0

432	431	0
450	449	0

423	422	0
451	450	0

451	450	0
452	451	0

452	451	0
453	452	0

453	452	0
454	453	0

454	453	0
455	454	0

455	454	0
456	455	0

456	455	0
457	456	0

457	456	0
458	457	0

458	457	0
459	458	0

459	458	0
460	459	0

460	459	0
461	460	0

461	460	0
462	461	0

462	461	0
463	462	0

463	462	0
464	463	0

4	3	0
823	822	0

823	822	0
824	823	0

824	823	0
825	824	0

825	824	0
826	825	0

826	825	0
827	826	0

827	826	0
828	827	0

828	827	0
829	828	0

829	828	0
830	829	0

830	829	0
831	830	0

831	830	0
832	831	0

832	831	0
833	832	0

833	832	0
834	833	0

834	833	0
835	834	0

835	834	0
836	835	0

836	835	0
837	836	0

837	836	0
838	837	0

838	837	0
839	838	0

839	838	0
840	839	0

840	839	0
841	840	0

841	840	0
842	841	0

842	841	0
843	842	0

843	842	0
844	843	0

844	843	0
845	844	0

845	844	0
846	845	0

846	845	0
847	846	0

847	846	0
848	847	0

848	847	0
849	848	0

849	848	0
850	849	0

850	849	0
851	850	0

834	833	0
852	851	0

835	834	0
853	852	0

836	835	0
854	853	0

837	836	0
855	854	0

838	837	0
856	855	0

839	838	0
857	856	0

840	839	0
858	857	0

841	840	0
859	858	0

842	841	0
860	859	0

843	842	0
861	860	0

844	843	0
862	861	0

845	844	0
863	862	0

846	845	0
864	863	0

847	846	0
865	864	0

848	847	0
866	865	0

849	848	0
867	866	0

850	849	0
868	867	0

845	844	0
869	868	0

846	845	0
870	869	0

847	846	0
871	870	0

848	847	0
872	871	0

849	848	0
874	872	0

850	849	0
875	875	0

848	847	0
876	876	0

849	848	0
877	877	0

850	849	0
878	878	0

0	879	1
202	201	1

202	201	1
203	202	1

203	202	1
204	203	1

204	203	1
205	204	1

205	204	1
206	205	1

206	205	1
207	206	1

207	206	1
208	207	1

208	207	1
209	208	1

209	208	1
210	209	1

210	209	1
211	210	1

211	210	1
212	211	1

212	211	1
213	212	1

213	212	1
214	213	1

214	213	1
215	214	1

215	214	1
216	215	1

216	215	1
217	216	1

217	216	1
218	217	1

218	217	1
219	218	1

219	218	1
220	219	1

220	219	1
221	220	1

221	220	1
222	221	1

222	221	1
223	222	1

223	222	1
224	223	1

224	223	1
225	224	1

225	224	1
226	225	1

226	225	1
227	226	1

227	226	1
228	227	1

228	227	1
229	228	1

229	228	1
230	229	1

230	229	1
231	230	1

231	230	1
232	231	1

232	231	1
233	232	1

233	232	1
234	233	1

234	233	1
235	234	1

235	234	1
236	235	1

236	235	1
237	236	1

237	236	1
238	237	1

238	237	1
239	238	1

239	238	1
240	239	1

240	239	1
241	240	1

241	240	1
242	241	1

242	241	1
243	242	1

243	242	1
244	243	1

244	243	1
245	244	1

245	244	1
246	245	1

246	245	1
247	246	1

247	246	1
248	247	1

248	247	1
249	248	1

249	248	1
250	249	1

250	249	1
251	250	1

251	250	1
252	251	1

252	251	1
253	252	1

253	252	1
254	253	1

203	202	1
255	254	1

255	254	1
256	255	1

256	255	1
257	256	1

257	256	1
258	257	1

258	257	1
259	258	1

259	258	1
260	259	1

260	259	1
261	260	1

261	260	1
262	261	1

262	261	1
263	262	1

263	262	1
264	263	1

264	263	1
265	264	1

265	264	1
266	265	1

266	265	1
267	266	1

267	266	1
268	267	1

268	267	1
269	268	1

269	268	1
270	269	1

270	269	1
271	270	1

271	270	1
272	271	1

272	271	1
273	272	1

273	272	1
274	273	1

274	273	1
275	274	1

275	274	1
276	275	1

276	275	1
277	276	1

277	276	1
278	277	1

278	277	1
279	278	1

279	278	1
280	279	1

280	279	1
281	280	1

281	280	1
282	281	1

282	281	1
283	282	1

283	282	1
284	283	1

284	283	1
285	284	1

285	284	1
286	285	1

286	285	1
287	286	1

287	286	1
288	287	1

288	287	1
289	288	1

289	288	1
290	289	1

290	289	1
291	290	1

291	290	1
292	291	1

292	291	1
293	292	1

293	292	1
294	293	1

236	235	1
295	294	1

274	273	1
296	295	1

275	274	1
297	296	1

276	275	1
298	297	1

277	276	1
299	298	1

278	277	1
300	299	1

279	278	1
301	300	1

280	279	1
302	301	1

281	280	1
303	302	1

282	281	1
304	303	1

283	282	1
305	304	1

284	283	1
306	305	1

285	284	1
307	306	1

286	285	1
308	307	1

287	286	1
309	308	1

288	287	1
310	309	1

289	288	1
311	310	1

290	289	1
312	311	1

291	290	1
313	312	1

292	291	1
314	313	1

293	292	1
315	314	1

236	235	1
316	315	1

307	306	1
317	316	1

308	307	1
318	317	1

309	308	1
319	318	1

310	309	1
320	319	1

311	310	1
321	320	1

312	311	1
322	321	1

313	312	1
323	322	1

314	313	1
324	323	1

315	314	1
325	324	1

316	315	1
326	325	1

317	316	1
327	326	1

318	317	1
328	327	1

319	318	1
329	328	1

320	319	1
330	329	1

313	312	1
331	330	1

314	313	1
332	331	1

315	314	1
333	332	1

316	315	1
334	333	1

317	316	1
335	334	1

318	317	1
336	335	1

319	318	1
337	336	1

320	319	1
338	337	1

325	324	1
339	338	1

326	325	1
340	339	1

327	326	1
341	340	1

328	327	1
342	341	1

329	328	1
343	342	1

330	329	1
344	343	1

331	330	1
345	344	1

332	331	1
346	345	1

333	332	1
347	346	1

334	333	1
348	347	1

2	1	2
465	464	2

465	464	2
466	465	2

466	465	2
467	466	2

467	466	2
468	467	2

468	467	2
469	468	2

469	468	2
470	469	2

470	469	2
471	470	2

471	470	2
472	471	2

472	471	2
473	472	2

473	472	2
474	473	2

474	473	2
475	474	2

475	474	2
476	475	2

476	475	2
477	476	2

477	476	2
478	477	2

478	477	2
479	478	2

479	478	2
480	479	2

480	479	2
481	480	2

481	480	2
482	481	2

482	481	2
483	482	2

483	482	2
484	483	2

484	483	2
485	484	2

485	484	2
486	485	2

486	485	2
487	486	2

487	486	2
488	487	2

488	487	2
489	488	2

489	488	2
490	489	2

490	489	2
491	490	2

491	490	2
492	491	2

492	491	2
493	492	2

493	492	2
494	493	2

494	493	2
495	494	2

495	494	2
496	495	2

496	495	2
497	496	2

497	496	2
498	497	2

498	497	2
499	498	2

499	498	2
500	499	2

500	499	2
501	500	2

501	500	2
502	501	2

502	501	2
503	502	2

503	502	2
504	503	2

504	503	2
505	504	2

505	504	2
506	505	2

506	505	2
507	506	2

507	506	2
508	507	2

508	507	2
509	508	2

469	468	2
510	509	2

470	469	2
511	510	2

471	470	2
512	511	2

472	471	2
513	512	2

473	472	2
514	513	2

474	473	2
515	514	2

475	474	2
516	515	2

476	475	2
517	516	2

477	476	2
518	517	2

478	477	2
519	518	2

479	478	2
520	519	2

480	479	2
521	520	2

481	480	2
522	521	2

482	481	2
523	522	2

483	482	2
524	523	2

484	483	2
525	524	2

485	484	2
526	525	2

486	485	2
527	526	2

487	486	2
528	527	2

488	487	2
529	528	2

489	488	2
530	529	2

490	489	2
531	530	2

491	490	2
532	531	2

492	491	2
533	532	2

493	492	2
534	533	2

494	493	2
535	534	2

495	494	2
536	535	2

496	495	2
537	536	2

497	496	2
538	537	2

498	497	2
539	538	2

499	498	2
540	539	2

500	499	2
541	540	2

501	500	2
542	541	2

502	501	2
543	542	2

503	502	2
544	543	2

504	503	2
545	544	2

505	504	2
546	545	2

506	505	2
547	546	2

507	506	2
548	547	2

508	507	2
549	548	2

469	468	2
550	549	2

550	549	2
551	550	2

551	550	2
552	551	2

552	551	2
553	552	2

553	552	2
554	553	2

554	553	2
555	554	2

555	554	2
556	555	2

556	555	2
557	556	2

557	556	2
558	557	2

558	557	2
559	558	2

559	558	2
560	559	2

560	559	2
561	560	2

561	560	2
562	561	2

562	561	2
563	562	2

563	562	2
564	563	2

564	563	2
565	564	2

565	564	2
566	565	2

566	565	2
567	566	2

567	566	2
568	567	2

551	550	2
569	568	2

550	549	2
570	569	2

551	550	2
571	570	2

552	551	2
572	571	2

553	552	2
573	572	2

554	553	2
574	573	2

555	554	2
575	574	2

556	555	2
576	575	2

557	556	2
577	576	2

558	557	2
578	577	2

559	558	2
579	578	2

560	559	2
580	579	2

561	560	2
581	580	2

562	561	2
582	581	2

563	562	2
583	582	2

564	563	2
584	583	2

565	564	2
585	584	2

566	565	2
586	585	2

567	566	2
587	586	2

473	472	2
588	587	2

588	587	2
589	588	2

589	588	2
590	589	2

590	589	2
591	590	2

591	590	2
592	591	2

592	591	2
593	592	2

593	592	2
594	593	2

594	593	2
595	594	2

595	594	2
596	595	2

596	595	2
597	596	2

597	596	2
598	597	2

598	597	2
599	598	2

599	598	2
600	599	2

600	599	2
601	600	2

0.077	0	3
3	2	3

3	2	3
602	601	3

602	601	3
603	602	3

603	602	3
604	603	3

604	603	3
605	604	3

605	604	3
606	605	3

606	605	3
607	606	3

607	606	3
608	607	3

608	607	3
609	608	3

609	608	3
610	609	3

610	609	3
611	610	3

611	610	3
612	611	3

612	611	3
613	612	3

613	612	3
614	613	3

614	613	3
615	614	3

615	614	3
616	615	3

616	615	3
617	616	3

617	616	3
618	617	3

618	617	3
619	618	3

619	618	3
620	619	3

620	619	3
621	620	3

621	620	3
622	621	3

622	621	3
623	622	3

623	622	3
624	623	3

624	623	3
625	624	3

625	624	3
626	625	3

626	625	3
627	626	3

627	626	3
628	627	3

628	627	3
629	628	3

629	628	3
630	629	3

630	629	3
631	630	3

631	630	3
632	631	3

632	631	3
633	632	3

633	632	3
634	633	3

634	633	3
635	634	3

635	634	3
636	635	3

636	635	3
637	636	3

637	636	3
638	637	3

638	637	3
639	638	3

639	638	3
640	639	3

640	639	3
641	640	3

641	640	3
642	641	3

642	641	3
643	642	3

643	642	3
644	643	3

644	643	3
645	644	3

645	644	3
646	645	3

646	645	3
647	646	3

633	632	3
648	647	3

634	633	3
649	648	3

635	634	3
650	649	3

650	649	3
651	650	3

651	650	3
652	651	3

651	650	3
653	652	3

603	602	3
654	653	3

604	603	3
655	654	3

605	604	3
656	655	3

606	605	3
657	656	3

607	606	3
658	657	3

608	607	3
659	658	3

609	608	3
660	659	3

610	609	3
661	660	3

611	610	3
662	661	3

612	611	3
663	662	3

613	612	3
664	663	3

614	613	3
665	664	3

615	614	3
666	665	3

616	615	3
667	666	3

617	616	3
668	667	3

618	617	3
669	668	3

619	618	3
670	669	3

620	619	3
671	670	3

621	620	3
672	671	3

622	621	3
673	672	3

623	622	3
674	673	3

624	623	3
675	674	3

625	624	3
676	675	3

626	625	3
677	676	3

627	626	3
678	677	3

628	627	3
679	678	3

629	628	3
680	679	3

630	629	3
681	680	3

631	630	3
682	681	3

632	631	3
683	682	3

633	632	3
684	683	3

634	633	3
685	684	3

635	634	3
686	685	3

636	635	3
687	686	3

637	636	3
688	687	3

638	637	3
689	688	3

639	638	3
690	689	3

640	639	3
691	690	3

641	640	3
692	691	3

642	641	3
693	692	3

643	642	3
694	693	3

644	643	3
695	694	3

645	644	3
696	695	3

646	645	3
697	696	3

647	646	3
698	697	3

648	647	3
699	698	3

649	648	3
700	699	3

650	649	3
701	700	3

651	650	3
702	701	3

652	651	3
703	702	3

653	652	3
704	703	3

656	655	3
705	704	3

657	656	3
706	705	3

658	657	3
707	706	3

659	658	3
708	707	3

660	659	3
709	708	3

661	660	3
710	709	3

662	661	3
711	710	3

663	662	3
712	711	3

664	663	3
713	712	3

665	664	3
714	713	3

666	665	3
715	714	3

667	666	3
716	715	3

668	667	3
717	716	3

669	668	3
718	717	3

670	669	3
719	718	3

671	670	3
720	719	3

672	671	3
721	720	3

673	672	3
722	721	3

674	673	3
723	722	3

675	674	3
724	723	3

676	675	3
725	724	3

677	676	3
726	725	3

678	677	3
727	726	3

679	678	3
728	727	3

680	679	3
729	728	3

681	680	3
730	729	3

682	681	3
731	730	3

683	682	3
732	731	3

684	683	3
733	732	3

685	684	3
734	733	3

686	685	3
735	734	3

687	686	3
736	735	3

688	687	3
737	736	3

689	688	3
738	737	3

690	689	3
739	738	3

691	690	3
740	739	3

692	691	3
741	740	3

693	692	3
742	741	3

694	693	3
743	742	3

695	694	3
744	743	3

696	695	3
745	744	3

697	696	3
746	745	3

698	697	3
747	746	3

699	698	3
748	747	3

700	699	3
749	748	3

701	700	3
750	749	3

702	701	3
751	750	3

703	702	3
752	751	3

704	703	3
753	752	3

734	733	3
754	753	3

735	734	3
755	754	3

736	735	3
756	755	3

737	736	3
757	756	3

738	737	3
758	757	3

739	738	3
759	758	3

740	739	3
760	759	3

741	740	3
761	760	3

742	741	3
762	761	3

743	742	3
763	762	3

744	743	3
764	763	3

745	744	3
765	764	3

746	745	3
766	765	3

747	746	3
767	766	3

748	747	3
768	767	3

749	748	3
769	768	3

750	749	3
770	769	3

751	750	3
771	770	3

752	751	3
772	771	3

753	752	3
773	772	3

686	685	3
774	773	3

687	686	3
775	774	3

688	687	3
776	775	3

689	688	3
777	776	3

690	689	3
778	777	3

691	690	3
779	778	3

692	691	3
780	779	3

693	692	3
781	780	3

694	693	3
782	781	3

695	694	3
783	782	3

696	695	3
784	783	3

697	696	3
785	784	3

698	697	3
786	785	3

699	698	3
787	786	3

700	699	3
788	787	3

701	700	3
789	788	3

702	701	3
790	789	3

703	702	3
791	790	3

704	703	3
792	791	3

734	733	3
793	792	3

694	693	3
794	793	3

695	694	3
795	794	3

696	695	3
796	795	3

697	696	3
797	796	3

698	697	3
798	797	3

699	698	3
799	798	3

700	699	3
800	799	3

701	700	3
801	800	3

702	701	3
802	801	3

703	702	3
803	802	3

704	703	3
804	803	3

734	733	3
805	804	3

697	696	3
806	805	3

698	697	3
807	806	3

699	698	3
808	807	3

700	699	3
809	808	3

701	700	3
810	809	3

702	701	3
811	810	3

703	702	3
812	811	3

704	703	3
813	812	3

734	733	3
814	813	3

701	700	3
815	814	3

702	701	3
816	815	3

703	702	3
817	816	3

704	703	3
818	817	3

734	733	3
819	818	3

703	702	3
820	819	3

704	703	3
821	820	3

734	733	3
822	821	3

