0 1 2 3 47 48 49 89 93 94 103 143 156 157 158 186 187 188 189 190
4 5 6 7 32 33 174
50 51 90 95 191
104 105 106 107 108 142 148 162 163
8 9 10 37 38 39 175 176
52 96 192
145 146 147 155 159 160 161
109 110 111 112 113 114 149 164
11 12 34 35 177 178
53 54 60 91 97 98 193 194
115 116 144 150 165 166 167
13 20 21 22 36 40 179 182
61 62 63 64 65 203
55 56 57 58 59 99 195 196
117 118 119 120 121 122 123 124 151 168 169
14 15 16 17 18 19 41 42 180 181
23 43 44 183 184
24 25 26
66 67 68 69 70 71 72 73 100 197 198 199
125 126 127 128 129 130 131 152 170 171
27 28 29 30 31 45
74 75 76 77 78 101 200
132 133 134 135 136 137 138 139 140 141 153 154 172 173
46 185
79 80 81 82 83 92 201 202
84 85 86 87 88 102
