0.077	0	0
879	878	0

0.077	0	0
0	879	0

0.077	0	0
1	0	0

0.077	0	0
2	1	0

0.077	0	0
3	2	0

0.077	0	0
4	3	0

0	0	0
5	4	0

5	4	0
6	5	0

6	5	0
7	6	0

7	6	0
8	7	0

879	878	0
94	93	0

94	93	0
95	94	0

95	94	0
96	95	0

96	95	0
97	96	0

97	96	0
98	97	0

98	97	0
99	98	0

99	98	0
100	99	0

99	98	0
181	180	0

181	180	0
182	181	0

182	181	0
183	182	0

183	182	0
184	183	0

184	183	0
185	184	0

185	184	0
186	185	0

186	185	0
187	186	0

187	186	0
188	187	0

188	187	0
189	188	0

184	183	0
190	189	0

190	189	0
191	190	0

191	190	0
192	191	0

187	186	0
193	192	0

193	192	0
194	193	0

193	192	0
195	194	0

194	193	0
196	195	0

195	194	0
197	196	0

196	195	0
198	197	0

196	195	0
199	198	0

197	196	0
200	199	0

197	196	0
201	200	0

1	0	0
349	348	0

349	348	0
350	349	0

350	349	0
351	350	0

351	350	0
352	351	0

352	351	0
353	352	0

353	352	0
354	353	0

354	353	0
355	354	0

355	354	0
356	355	0

356	355	0
357	356	0

4	3	0
823	822	0

823	822	0
824	823	0

824	823	0
825	824	0

825	824	0
826	825	0

826	825	0
827	826	0

827	826	0
828	827	0

828	827	0
829	828	0

829	828	0
830	829	0

830	829	0
831	830	0

831	830	0
832	831	0

832	831	0
833	832	0

833	832	0
834	833	0

834	833	0
835	834	0

835	834	0
836	835	0

836	835	0
837	836	0

837	836	0
838	837	0

838	837	0
839	838	0

839	838	0
840	839	0

840	839	0
841	840	0

841	840	0
842	841	0

842	841	0
843	842	0

843	842	0
844	843	0

844	843	0
845	844	0

845	844	0
846	845	0

846	845	0
847	846	0

847	846	0
848	847	0

848	847	0
849	848	0

849	848	0
850	849	0

850	849	0
851	850	0

834	833	0
852	851	0

835	834	0
853	852	0

836	835	0
854	853	0

837	836	0
855	854	0

838	837	0
856	855	0

839	838	0
857	856	0

840	839	0
858	857	0

841	840	0
859	858	0

842	841	0
860	859	0

843	842	0
861	860	0

844	843	0
862	861	0

845	844	0
863	862	0

846	845	0
864	863	0

847	846	0
865	864	0

848	847	0
866	865	0

849	848	0
867	866	0

850	849	0
868	867	0

845	844	0
869	868	0

846	845	0
870	869	0

847	846	0
871	870	0

848	847	0
872	871	0

849	848	0
874	872	0

850	849	0
875	875	0

848	847	0
876	876	0

849	848	0
877	877	0

850	849	0
878	878	0

8	7	1
9	8	1

9	8	1
10	9	1

10	9	1
11	10	1

11	10	1
12	11	1

12	11	1
13	12	1

13	12	1
14	13	1

14	13	1
15	14	1

15	14	1
16	15	1

16	15	1
17	16	1

17	16	1
18	17	1

18	17	1
19	18	1

19	18	1
20	19	1

20	19	1
21	20	1

21	20	1
22	21	1

22	21	1
23	22	1

23	22	1
24	23	1

24	23	1
25	24	1

25	24	1
26	25	1

26	25	1
27	26	1

27	26	1
28	27	1

28	27	1
29	28	1

29	28	1
30	29	1

30	29	1
31	30	1

31	30	1
32	31	1

32	31	1
33	32	1

33	32	1
34	33	1

34	33	1
35	34	1

35	34	1
36	35	1

36	35	1
37	36	1

37	36	1
38	37	1

38	37	1
39	38	1

39	38	1
40	39	1

40	39	1
41	40	1

41	40	1
42	41	1

42	41	1
43	42	1

12	11	1
44	43	1

44	43	1
45	44	1

45	44	1
46	45	1

46	45	1
47	46	1

47	46	1
48	47	1

48	47	1
49	48	1

49	48	1
50	49	1

50	49	1
51	50	1

51	50	1
52	51	1

52	51	1
53	52	1

53	52	1
54	53	1

47	46	1
55	54	1

55	54	1
56	55	1

56	55	1
57	56	1

57	56	1
58	57	1

58	57	1
59	58	1

59	58	1
60	59	1

60	59	1
61	60	1

61	60	1
62	61	1

62	61	1
63	62	1

47	46	1
64	63	1

64	63	1
65	64	1

65	64	1
66	65	1

66	65	1
67	66	1

67	66	1
68	67	1

68	67	1
69	68	1

66	65	1
70	69	1

70	69	1
71	70	1

67	66	1
72	71	1

72	71	1
73	72	1

68	67	1
74	73	1

74	73	1
75	74	1

21	20	1
76	75	1

76	75	1
77	76	1

77	76	1
78	77	1

78	77	1
79	78	1

79	78	1
80	79	1

80	79	1
81	80	1

81	80	1
82	81	1

82	81	1
83	82	1

78	77	1
84	83	1

84	83	1
85	84	1

85	84	1
86	85	1

86	85	1
87	86	1

87	86	1
88	87	1

88	87	1
89	88	1

89	88	1
90	89	1

90	89	1
91	90	1

91	90	1
92	91	1

90	89	1
93	92	1

100	99	2
101	100	2

101	100	2
102	101	2

102	101	2
103	102	2

103	102	2
104	103	2

104	103	2
105	104	2

105	104	2
106	105	2

106	105	2
107	106	2

107	106	2
108	107	2

108	107	2
109	108	2

109	108	2
110	109	2

110	109	2
111	110	2

111	110	2
112	111	2

112	111	2
113	112	2

113	112	2
114	113	2

114	113	2
115	114	2

115	114	2
116	115	2

116	115	2
117	116	2

117	116	2
118	117	2

118	117	2
119	118	2

119	118	2
120	119	2

120	119	2
121	120	2

121	120	2
122	121	2

122	121	2
123	122	2

123	122	2
124	123	2

124	123	2
125	124	2

125	124	2
126	125	2

126	125	2
127	126	2

127	126	2
128	127	2

128	127	2
129	128	2

129	128	2
130	129	2

130	129	2
131	130	2

131	130	2
132	131	2

132	131	2
133	132	2

133	132	2
134	133	2

134	133	2
135	134	2

135	134	2
136	135	2

136	135	2
137	136	2

137	136	2
138	137	2

138	137	2
139	138	2

139	138	2
140	139	2

140	139	2
141	140	2

141	140	2
142	141	2

142	141	2
143	142	2

123	122	2
144	143	2

144	143	2
145	144	2

145	144	2
146	145	2

146	145	2
147	146	2

147	146	2
148	147	2

148	147	2
149	148	2

149	148	2
150	149	2

150	149	2
151	150	2

151	150	2
152	151	2

152	151	2
153	152	2

153	152	2
154	153	2

154	153	2
155	154	2

155	154	2
156	155	2

156	155	2
157	156	2

157	156	2
158	157	2

158	157	2
159	158	2

133	132	2
160	159	2

160	159	2
161	160	2

161	160	2
162	161	2

162	161	2
163	162	2

163	162	2
164	163	2

164	163	2
165	164	2

165	164	2
166	165	2

166	165	2
167	166	2

167	166	2
168	167	2

168	167	2
169	168	2

163	162	2
170	169	2

170	169	2
171	170	2

171	170	2
172	171	2

172	171	2
173	172	2

173	172	2
174	173	2

174	173	2
175	174	2

175	174	2
176	175	2

172	171	2
177	176	2

177	176	2
178	177	2

178	177	2
179	178	2

179	178	2
180	179	2

0	879	3
202	201	3

202	201	3
203	202	3

203	202	3
204	203	3

204	203	3
205	204	3

205	204	3
206	205	3

206	205	3
207	206	3

207	206	3
208	207	3

208	207	3
209	208	3

209	208	3
210	209	3

210	209	3
211	210	3

211	210	3
212	211	3

212	211	3
213	212	3

213	212	3
214	213	3

214	213	3
215	214	3

215	214	3
216	215	3

216	215	3
217	216	3

217	216	3
218	217	3

218	217	3
219	218	3

219	218	3
220	219	3

220	219	3
221	220	3

221	220	3
222	221	3

222	221	3
223	222	3

223	222	3
224	223	3

224	223	3
225	224	3

225	224	3
226	225	3

226	225	3
227	226	3

227	226	3
228	227	3

228	227	3
229	228	3

229	228	3
230	229	3

230	229	3
231	230	3

231	230	3
232	231	3

232	231	3
233	232	3

233	232	3
234	233	3

234	233	3
235	234	3

235	234	3
236	235	3

236	235	3
237	236	3

237	236	3
238	237	3

238	237	3
239	238	3

239	238	3
240	239	3

240	239	3
241	240	3

241	240	3
242	241	3

242	241	3
243	242	3

243	242	3
244	243	3

244	243	3
245	244	3

245	244	3
246	245	3

246	245	3
247	246	3

247	246	3
248	247	3

248	247	3
249	248	3

249	248	3
250	249	3

250	249	3
251	250	3

251	250	3
252	251	3

252	251	3
253	252	3

253	252	3
254	253	3

203	202	3
255	254	3

255	254	3
256	255	3

256	255	3
257	256	3

257	256	3
258	257	3

258	257	3
259	258	3

259	258	3
260	259	3

260	259	3
261	260	3

261	260	3
262	261	3

262	261	3
263	262	3

263	262	3
264	263	3

264	263	3
265	264	3

265	264	3
266	265	3

266	265	3
267	266	3

267	266	3
268	267	3

268	267	3
269	268	3

269	268	3
270	269	3

270	269	3
271	270	3

271	270	3
272	271	3

236	235	3
295	294	3

236	235	3
316	315	3

316	315	3
326	325	3

316	315	3
334	333	3

326	325	3
340	339	3

334	333	3
348	347	3

357	356	4
358	357	4

358	357	4
359	358	4

359	358	4
360	359	4

360	359	4
361	360	4

361	360	4
362	361	4

362	361	4
363	362	4

363	362	4
364	363	4

364	363	4
365	364	4

365	364	4
366	365	4

366	365	4
367	366	4

367	366	4
368	367	4

368	367	4
369	368	4

369	368	4
370	369	4

370	369	4
371	370	4

371	370	4
372	371	4

372	371	4
373	372	4

373	372	4
374	373	4

374	373	4
375	374	4

375	374	4
376	375	4

376	375	4
377	376	4

377	376	4
378	377	4

378	377	4
379	378	4

379	378	4
380	379	4

380	379	4
381	380	4

381	380	4
382	381	4

382	381	4
383	382	4

383	382	4
384	383	4

384	383	4
385	384	4

385	384	4
386	385	4

386	385	4
387	386	4

387	386	4
388	387	4

388	387	4
389	388	4

389	388	4
390	389	4

390	389	4
391	390	4

391	390	4
392	391	4

392	391	4
393	392	4

393	392	4
394	393	4

357	356	4
395	394	4

395	394	4
396	395	4

396	395	4
397	396	4

397	396	4
398	397	4

398	397	4
399	398	4

399	398	4
400	399	4

400	399	4
401	400	4

401	400	4
402	401	4

402	401	4
403	402	4

403	402	4
404	403	4

404	403	4
405	404	4

405	404	4
406	405	4

406	405	4
407	406	4

407	406	4
408	407	4

408	407	4
409	408	4

409	408	4
410	409	4

410	409	4
411	410	4

411	410	4
412	411	4

412	411	4
413	412	4

413	412	4
414	413	4

414	413	4
415	414	4

415	414	4
416	415	4

416	415	4
417	416	4

417	416	4
418	417	4

418	417	4
419	418	4

419	418	4
420	419	4

420	419	4
421	420	4

421	420	4
422	421	4

422	421	4
423	422	4

423	422	4
424	423	4

405	404	4
425	424	4

410	409	4
426	425	4

411	410	4
427	426	4

412	411	4
428	427	4

413	412	4
429	428	4

414	413	4
430	429	4

415	414	4
431	430	4

416	415	4
432	431	4

417	416	4
433	432	4

418	417	4
434	433	4

419	418	4
435	434	4

420	419	4
436	435	4

421	420	4
437	436	4

422	421	4
438	437	4

423	422	4
439	438	4

422	421	4
440	439	4

423	422	4
441	440	4

424	423	4
442	441	4

425	424	4
443	442	4

426	425	4
444	443	4

427	426	4
445	444	4

428	427	4
446	445	4

429	428	4
447	446	4

430	429	4
448	447	4

431	430	4
449	448	4

432	431	4
450	449	4

423	422	4
451	450	4

451	450	4
452	451	4

452	451	4
453	452	4

453	452	4
454	453	4

454	453	4
455	454	4

455	454	4
456	455	4

456	455	4
457	456	4

457	456	4
458	457	4

458	457	4
459	458	4

459	458	4
460	459	4

460	459	4
461	460	4

461	460	4
462	461	4

462	461	4
463	462	4

463	462	4
464	463	4

2	1	5
465	464	5

465	464	5
466	465	5

466	465	5
467	466	5

467	466	5
468	467	5

468	467	5
469	468	5

469	468	5
470	469	5

470	469	5
471	470	5

471	470	5
472	471	5

472	471	5
473	472	5

473	472	5
474	473	5

474	473	5
475	474	5

469	468	5
510	509	5

470	469	5
511	510	5

471	470	5
512	511	5

472	471	5
513	512	5

473	472	5
514	513	5

474	473	5
515	514	5

475	474	5
516	515	5

469	468	5
550	549	5

550	549	5
551	550	5

551	550	5
552	551	5

552	551	5
553	552	5

553	552	5
554	553	5

554	553	5
555	554	5

555	554	5
556	555	5

556	555	5
557	556	5

557	556	5
558	557	5

558	557	5
559	558	5

559	558	5
560	559	5

560	559	5
561	560	5

561	560	5
562	561	5

562	561	5
563	562	5

563	562	5
564	563	5

564	563	5
565	564	5

565	564	5
566	565	5

566	565	5
567	566	5

567	566	5
568	567	5

551	550	5
569	568	5

550	549	5
570	569	5

551	550	5
571	570	5

552	551	5
572	571	5

553	552	5
573	572	5

554	553	5
574	573	5

555	554	5
575	574	5

556	555	5
576	575	5

557	556	5
577	576	5

558	557	5
578	577	5

559	558	5
579	578	5

560	559	5
580	579	5

561	560	5
581	580	5

562	561	5
582	581	5

563	562	5
583	582	5

564	563	5
584	583	5

565	564	5
585	584	5

566	565	5
586	585	5

567	566	5
587	586	5

473	472	5
588	587	5

588	587	5
589	588	5

589	588	5
590	589	5

590	589	5
591	590	5

591	590	5
592	591	5

592	591	5
593	592	5

593	592	5
594	593	5

594	593	5
595	594	5

595	594	5
596	595	5

596	595	5
597	596	5

597	596	5
598	597	5

598	597	5
599	598	5

599	598	5
600	599	5

600	599	5
601	600	5

3	2	6
602	601	6

602	601	6
603	602	6

603	602	6
604	603	6

604	603	6
605	604	6

605	604	6
606	605	6

606	605	6
607	606	6

607	606	6
608	607	6

608	607	6
609	608	6

609	608	6
610	609	6

610	609	6
611	610	6

611	610	6
612	611	6

612	611	6
613	612	6

613	612	6
614	613	6

614	613	6
615	614	6

615	614	6
616	615	6

616	615	6
617	616	6

617	616	6
618	617	6

618	617	6
619	618	6

619	618	6
620	619	6

620	619	6
621	620	6

621	620	6
622	621	6

622	621	6
623	622	6

623	622	6
624	623	6

624	623	6
625	624	6

625	624	6
626	625	6

626	625	6
627	626	6

603	602	6
654	653	6

604	603	6
655	654	6

605	604	6
656	655	6

606	605	6
657	656	6

607	606	6
658	657	6

608	607	6
659	658	6

609	608	6
660	659	6

610	609	6
661	660	6

611	610	6
662	661	6

612	611	6
663	662	6

613	612	6
664	663	6

614	613	6
665	664	6

615	614	6
666	665	6

616	615	6
667	666	6

617	616	6
668	667	6

618	617	6
669	668	6

619	618	6
670	669	6

620	619	6
671	670	6

621	620	6
672	671	6

622	621	6
673	672	6

623	622	6
674	673	6

624	623	6
675	674	6

625	624	6
676	675	6

626	625	6
677	676	6

656	655	6
705	704	6

657	656	6
706	705	6

658	657	6
707	706	6

659	658	6
708	707	6

660	659	6
709	708	6

661	660	6
710	709	6

662	661	6
711	710	6

663	662	6
712	711	6

664	663	6
713	712	6

665	664	6
714	713	6

666	665	6
715	714	6

667	666	6
716	715	6

668	667	6
717	716	6

669	668	6
718	717	6

670	669	6
719	718	6

671	670	6
720	719	6

672	671	6
721	720	6

673	672	6
722	721	6

674	673	6
723	722	6

675	674	6
724	723	6

676	675	6
725	724	6

677	676	6
726	725	6

272	271	7
273	272	7

273	272	7
274	273	7

274	273	7
275	274	7

275	274	7
276	275	7

276	275	7
277	276	7

277	276	7
278	277	7

278	277	7
279	278	7

279	278	7
280	279	7

280	279	7
281	280	7

281	280	7
282	281	7

282	281	7
283	282	7

283	282	7
284	283	7

284	283	7
285	284	7

285	284	7
286	285	7

286	285	7
287	286	7

287	286	7
288	287	7

288	287	7
289	288	7

289	288	7
290	289	7

290	289	7
291	290	7

291	290	7
292	291	7

292	291	7
293	292	7

293	292	7
294	293	7

274	273	7
296	295	7

275	274	7
297	296	7

276	275	7
298	297	7

277	276	7
299	298	7

278	277	7
300	299	7

279	278	7
301	300	7

280	279	7
302	301	7

281	280	7
303	302	7

282	281	7
304	303	7

283	282	7
305	304	7

284	283	7
306	305	7

285	284	7
307	306	7

286	285	7
308	307	7

287	286	7
309	308	7

288	287	7
310	309	7

289	288	7
311	310	7

290	289	7
312	311	7

291	290	7
313	312	7

292	291	7
314	313	7

293	292	7
315	314	7

307	306	7
317	316	7

308	307	7
318	317	7

309	308	7
319	318	7

310	309	7
320	319	7

311	310	7
321	320	7

312	311	7
322	321	7

313	312	7
323	322	7

314	313	7
324	323	7

315	314	7
325	324	7

317	316	7
327	326	7

318	317	7
328	327	7

319	318	7
329	328	7

320	319	7
330	329	7

313	312	7
331	330	7

314	313	7
332	331	7

315	314	7
333	332	7

317	316	7
335	334	7

318	317	7
336	335	7

319	318	7
337	336	7

320	319	7
338	337	7

325	324	7
339	338	7

327	326	7
341	340	7

328	327	7
342	341	7

329	328	7
343	342	7

330	329	7
344	343	7

331	330	7
345	344	7

332	331	7
346	345	7

333	332	7
347	346	7

475	474	8
476	475	8

476	475	8
477	476	8

477	476	8
478	477	8

478	477	8
479	478	8

479	478	8
480	479	8

480	479	8
481	480	8

481	480	8
482	481	8

482	481	8
483	482	8

483	482	8
484	483	8

484	483	8
485	484	8

485	484	8
486	485	8

486	485	8
487	486	8

487	486	8
488	487	8

488	487	8
489	488	8

489	488	8
490	489	8

490	489	8
491	490	8

491	490	8
492	491	8

492	491	8
493	492	8

493	492	8
494	493	8

494	493	8
495	494	8

495	494	8
496	495	8

496	495	8
497	496	8

497	496	8
498	497	8

498	497	8
499	498	8

499	498	8
500	499	8

500	499	8
501	500	8

501	500	8
502	501	8

502	501	8
503	502	8

503	502	8
504	503	8

504	503	8
505	504	8

505	504	8
506	505	8

506	505	8
507	506	8

507	506	8
508	507	8

508	507	8
509	508	8

476	475	8
517	516	8

477	476	8
518	517	8

478	477	8
519	518	8

479	478	8
520	519	8

480	479	8
521	520	8

481	480	8
522	521	8

482	481	8
523	522	8

483	482	8
524	523	8

484	483	8
525	524	8

485	484	8
526	525	8

486	485	8
527	526	8

487	486	8
528	527	8

488	487	8
529	528	8

489	488	8
530	529	8

490	489	8
531	530	8

491	490	8
532	531	8

492	491	8
533	532	8

493	492	8
534	533	8

494	493	8
535	534	8

495	494	8
536	535	8

496	495	8
537	536	8

497	496	8
538	537	8

498	497	8
539	538	8

499	498	8
540	539	8

500	499	8
541	540	8

501	500	8
542	541	8

502	501	8
543	542	8

503	502	8
544	543	8

504	503	8
545	544	8

505	504	8
546	545	8

506	505	8
547	546	8

507	506	8
548	547	8

508	507	8
549	548	8

627	626	9
628	627	9

628	627	9
629	628	9

629	628	9
630	629	9

630	629	9
631	630	9

631	630	9
632	631	9

632	631	9
633	632	9

633	632	9
634	633	9

634	633	9
635	634	9

633	632	9
648	647	9

634	633	9
649	648	9

635	634	9
650	649	9

650	649	9
651	650	9

651	650	9
652	651	9

651	650	9
653	652	9

627	626	9
678	677	9

628	627	9
679	678	9

629	628	9
680	679	9

630	629	9
681	680	9

631	630	9
682	681	9

632	631	9
683	682	9

633	632	9
684	683	9

634	633	9
685	684	9

635	634	9
686	685	9

648	647	9
699	698	9

649	648	9
700	699	9

650	649	9
701	700	9

651	650	9
702	701	9

652	651	9
703	702	9

653	652	9
704	703	9

678	677	9
727	726	9

679	678	9
728	727	9

680	679	9
729	728	9

681	680	9
730	729	9

682	681	9
731	730	9

683	682	9
732	731	9

684	683	9
733	732	9

685	684	9
734	733	9

686	685	9
735	734	9

699	698	9
748	747	9

700	699	9
749	748	9

701	700	9
750	749	9

702	701	9
751	750	9

703	702	9
752	751	9

704	703	9
753	752	9

734	733	9
754	753	9

735	734	9
755	754	9

748	747	9
768	767	9

749	748	9
769	768	9

750	749	9
770	769	9

751	750	9
771	770	9

752	751	9
772	771	9

753	752	9
773	772	9

686	685	9
774	773	9

699	698	9
787	786	9

700	699	9
788	787	9

701	700	9
789	788	9

702	701	9
790	789	9

703	702	9
791	790	9

704	703	9
792	791	9

734	733	9
793	792	9

699	698	9
799	798	9

700	699	9
800	799	9

701	700	9
801	800	9

702	701	9
802	801	9

703	702	9
803	802	9

704	703	9
804	803	9

734	733	9
805	804	9

699	698	9
808	807	9

700	699	9
809	808	9

701	700	9
810	809	9

702	701	9
811	810	9

703	702	9
812	811	9

704	703	9
813	812	9

734	733	9
814	813	9

701	700	9
815	814	9

702	701	9
816	815	9

703	702	9
817	816	9

704	703	9
818	817	9

734	733	9
819	818	9

703	702	9
820	819	9

704	703	9
821	820	9

734	733	9
822	821	9

635	634	10
636	635	10

636	635	10
637	636	10

637	636	10
638	637	10

638	637	10
639	638	10

639	638	10
640	639	10

640	639	10
641	640	10

641	640	10
642	641	10

642	641	10
643	642	10

643	642	10
644	643	10

644	643	10
645	644	10

645	644	10
646	645	10

646	645	10
647	646	10

636	635	10
687	686	10

637	636	10
688	687	10

638	637	10
689	688	10

639	638	10
690	689	10

640	639	10
691	690	10

641	640	10
692	691	10

642	641	10
693	692	10

643	642	10
694	693	10

644	643	10
695	694	10

645	644	10
696	695	10

646	645	10
697	696	10

647	646	10
698	697	10

687	686	10
736	735	10

688	687	10
737	736	10

689	688	10
738	737	10

690	689	10
739	738	10

691	690	10
740	739	10

692	691	10
741	740	10

693	692	10
742	741	10

694	693	10
743	742	10

695	694	10
744	743	10

696	695	10
745	744	10

697	696	10
746	745	10

698	697	10
747	746	10

736	735	10
756	755	10

737	736	10
757	756	10

738	737	10
758	757	10

739	738	10
759	758	10

740	739	10
760	759	10

741	740	10
761	760	10

742	741	10
762	761	10

743	742	10
763	762	10

744	743	10
764	763	10

745	744	10
765	764	10

746	745	10
766	765	10

747	746	10
767	766	10

687	686	10
775	774	10

688	687	10
776	775	10

689	688	10
777	776	10

690	689	10
778	777	10

691	690	10
779	778	10

692	691	10
780	779	10

693	692	10
781	780	10

694	693	10
782	781	10

695	694	10
783	782	10

696	695	10
784	783	10

697	696	10
785	784	10

698	697	10
786	785	10

694	693	10
794	793	10

695	694	10
795	794	10

696	695	10
796	795	10

697	696	10
797	796	10

698	697	10
798	797	10

697	696	10
806	805	10

698	697	10
807	806	10

