0.077	0	0
879	878	0

0.077	0	0
0	879	0

0.077	0	0
1	0	0

0.077	0	0
2	1	0

0.077	0	0
4	3	0

0	0	0
5	4	0

5	4	0
6	5	0

6	5	0
7	6	0

7	6	0
8	7	0

8	7	0
9	8	0

9	8	0
10	9	0

10	9	0
11	10	0

11	10	0
12	11	0

12	11	0
13	12	0

13	12	0
14	13	0

14	13	0
15	14	0

15	14	0
16	15	0

16	15	0
17	16	0

17	16	0
18	17	0

18	17	0
19	18	0

19	18	0
20	19	0

20	19	0
21	20	0

21	20	0
22	21	0

22	21	0
23	22	0

23	22	0
24	23	0

24	23	0
25	24	0

25	24	0
26	25	0

26	25	0
27	26	0

27	26	0
28	27	0

28	27	0
29	28	0

29	28	0
30	29	0

30	29	0
31	30	0

31	30	0
32	31	0

32	31	0
33	32	0

33	32	0
34	33	0

34	33	0
35	34	0

35	34	0
36	35	0

36	35	0
37	36	0

37	36	0
38	37	0

38	37	0
39	38	0

39	38	0
40	39	0

40	39	0
41	40	0

41	40	0
42	41	0

42	41	0
43	42	0

12	11	0
44	43	0

44	43	0
45	44	0

45	44	0
46	45	0

46	45	0
47	46	0

47	46	0
48	47	0

48	47	0
49	48	0

49	48	0
50	49	0

50	49	0
51	50	0

51	50	0
52	51	0

52	51	0
53	52	0

53	52	0
54	53	0

47	46	0
55	54	0

55	54	0
56	55	0

56	55	0
57	56	0

57	56	0
58	57	0

58	57	0
59	58	0

59	58	0
60	59	0

60	59	0
61	60	0

61	60	0
62	61	0

62	61	0
63	62	0

47	46	0
64	63	0

64	63	0
65	64	0

65	64	0
66	65	0

66	65	0
67	66	0

67	66	0
68	67	0

68	67	0
69	68	0

66	65	0
70	69	0

70	69	0
71	70	0

67	66	0
72	71	0

72	71	0
73	72	0

68	67	0
74	73	0

74	73	0
75	74	0

21	20	0
76	75	0

76	75	0
77	76	0

77	76	0
78	77	0

78	77	0
79	78	0

79	78	0
80	79	0

80	79	0
81	80	0

81	80	0
82	81	0

82	81	0
83	82	0

78	77	0
84	83	0

84	83	0
85	84	0

85	84	0
86	85	0

86	85	0
87	86	0

87	86	0
88	87	0

88	87	0
89	88	0

89	88	0
90	89	0

90	89	0
91	90	0

91	90	0
92	91	0

90	89	0
93	92	0

879	878	0
94	93	0

94	93	0
95	94	0

95	94	0
96	95	0

96	95	0
97	96	0

97	96	0
98	97	0

98	97	0
99	98	0

99	98	0
100	99	0

100	99	0
101	100	0

101	100	0
102	101	0

102	101	0
103	102	0

103	102	0
104	103	0

104	103	0
105	104	0

105	104	0
106	105	0

106	105	0
107	106	0

107	106	0
108	107	0

108	107	0
109	108	0

109	108	0
110	109	0

110	109	0
111	110	0

111	110	0
112	111	0

112	111	0
113	112	0

113	112	0
114	113	0

114	113	0
115	114	0

115	114	0
116	115	0

116	115	0
117	116	0

117	116	0
118	117	0

118	117	0
119	118	0

119	118	0
120	119	0

120	119	0
121	120	0

121	120	0
122	121	0

122	121	0
123	122	0

123	122	0
124	123	0

124	123	0
125	124	0

125	124	0
126	125	0

126	125	0
127	126	0

127	126	0
128	127	0

128	127	0
129	128	0

129	128	0
130	129	0

130	129	0
131	130	0

131	130	0
132	131	0

132	131	0
133	132	0

133	132	0
134	133	0

134	133	0
135	134	0

135	134	0
136	135	0

136	135	0
137	136	0

137	136	0
138	137	0

138	137	0
139	138	0

139	138	0
140	139	0

140	139	0
141	140	0

141	140	0
142	141	0

142	141	0
143	142	0

123	122	0
144	143	0

144	143	0
145	144	0

145	144	0
146	145	0

146	145	0
147	146	0

147	146	0
148	147	0

148	147	0
149	148	0

149	148	0
150	149	0

150	149	0
151	150	0

151	150	0
152	151	0

152	151	0
153	152	0

153	152	0
154	153	0

154	153	0
155	154	0

155	154	0
156	155	0

156	155	0
157	156	0

157	156	0
158	157	0

158	157	0
159	158	0

133	132	0
160	159	0

160	159	0
161	160	0

161	160	0
162	161	0

162	161	0
163	162	0

163	162	0
164	163	0

164	163	0
165	164	0

165	164	0
166	165	0

166	165	0
167	166	0

167	166	0
168	167	0

168	167	0
169	168	0

163	162	0
170	169	0

170	169	0
171	170	0

171	170	0
172	171	0

172	171	0
173	172	0

173	172	0
174	173	0

174	173	0
175	174	0

175	174	0
176	175	0

172	171	0
177	176	0

177	176	0
178	177	0

178	177	0
179	178	0

179	178	0
180	179	0

99	98	0
181	180	0

181	180	0
182	181	0

182	181	0
183	182	0

183	182	0
184	183	0

184	183	0
185	184	0

185	184	0
186	185	0

186	185	0
187	186	0

187	186	0
188	187	0

188	187	0
189	188	0

184	183	0
190	189	0

190	189	0
191	190	0

191	190	0
192	191	0

187	186	0
193	192	0

193	192	0
194	193	0

193	192	0
195	194	0

194	193	0
196	195	0

195	194	0
197	196	0

196	195	0
198	197	0

196	195	0
199	198	0

197	196	0
200	199	0

197	196	0
201	200	0

0	879	0
202	201	0

202	201	0
203	202	0

203	202	0
204	203	0

204	203	0
205	204	0

205	204	0
206	205	0

206	205	0
207	206	0

207	206	0
208	207	0

208	207	0
209	208	0

209	208	0
210	209	0

210	209	0
211	210	0

211	210	0
212	211	0

212	211	0
213	212	0

213	212	0
214	213	0

214	213	0
215	214	0

215	214	0
216	215	0

216	215	0
217	216	0

217	216	0
218	217	0

218	217	0
219	218	0

219	218	0
220	219	0

220	219	0
221	220	0

221	220	0
222	221	0

222	221	0
223	222	0

223	222	0
224	223	0

224	223	0
225	224	0

225	224	0
226	225	0

226	225	0
227	226	0

227	226	0
228	227	0

228	227	0
229	228	0

229	228	0
230	229	0

230	229	0
231	230	0

231	230	0
232	231	0

232	231	0
233	232	0

233	232	0
234	233	0

234	233	0
235	234	0

235	234	0
236	235	0

236	235	0
237	236	0

237	236	0
238	237	0

238	237	0
239	238	0

239	238	0
240	239	0

240	239	0
241	240	0

241	240	0
242	241	0

242	241	0
243	242	0

243	242	0
244	243	0

244	243	0
245	244	0

245	244	0
246	245	0

246	245	0
247	246	0

247	246	0
248	247	0

248	247	0
249	248	0

249	248	0
250	249	0

250	249	0
251	250	0

251	250	0
252	251	0

252	251	0
253	252	0

253	252	0
254	253	0

203	202	0
255	254	0

255	254	0
256	255	0

256	255	0
257	256	0

257	256	0
258	257	0

258	257	0
259	258	0

259	258	0
260	259	0

260	259	0
261	260	0

261	260	0
262	261	0

262	261	0
263	262	0

263	262	0
264	263	0

264	263	0
265	264	0

265	264	0
266	265	0

266	265	0
267	266	0

267	266	0
268	267	0

268	267	0
269	268	0

269	268	0
270	269	0

270	269	0
271	270	0

271	270	0
272	271	0

272	271	0
273	272	0

273	272	0
274	273	0

274	273	0
275	274	0

275	274	0
276	275	0

276	275	0
277	276	0

277	276	0
278	277	0

278	277	0
279	278	0

279	278	0
280	279	0

280	279	0
281	280	0

281	280	0
282	281	0

282	281	0
283	282	0

283	282	0
284	283	0

284	283	0
285	284	0

285	284	0
286	285	0

286	285	0
287	286	0

287	286	0
288	287	0

288	287	0
289	288	0

289	288	0
290	289	0

290	289	0
291	290	0

291	290	0
292	291	0

292	291	0
293	292	0

293	292	0
294	293	0

236	235	0
295	294	0

274	273	0
296	295	0

275	274	0
297	296	0

276	275	0
298	297	0

277	276	0
299	298	0

278	277	0
300	299	0

279	278	0
301	300	0

280	279	0
302	301	0

281	280	0
303	302	0

282	281	0
304	303	0

283	282	0
305	304	0

284	283	0
306	305	0

285	284	0
307	306	0

286	285	0
308	307	0

287	286	0
309	308	0

288	287	0
310	309	0

289	288	0
311	310	0

290	289	0
312	311	0

291	290	0
313	312	0

292	291	0
314	313	0

293	292	0
315	314	0

236	235	0
316	315	0

307	306	0
317	316	0

308	307	0
318	317	0

309	308	0
319	318	0

310	309	0
320	319	0

311	310	0
321	320	0

312	311	0
322	321	0

313	312	0
323	322	0

314	313	0
324	323	0

315	314	0
325	324	0

316	315	0
326	325	0

317	316	0
327	326	0

318	317	0
328	327	0

319	318	0
329	328	0

320	319	0
330	329	0

313	312	0
331	330	0

314	313	0
332	331	0

315	314	0
333	332	0

316	315	0
334	333	0

317	316	0
335	334	0

318	317	0
336	335	0

319	318	0
337	336	0

320	319	0
338	337	0

325	324	0
339	338	0

326	325	0
340	339	0

327	326	0
341	340	0

328	327	0
342	341	0

329	328	0
343	342	0

330	329	0
344	343	0

331	330	0
345	344	0

332	331	0
346	345	0

333	332	0
347	346	0

334	333	0
348	347	0

1	0	0
349	348	0

349	348	0
350	349	0

350	349	0
351	350	0

351	350	0
352	351	0

352	351	0
353	352	0

353	352	0
354	353	0

354	353	0
355	354	0

355	354	0
356	355	0

356	355	0
357	356	0

357	356	0
358	357	0

358	357	0
359	358	0

359	358	0
360	359	0

360	359	0
361	360	0

361	360	0
362	361	0

362	361	0
363	362	0

363	362	0
364	363	0

364	363	0
365	364	0

365	364	0
366	365	0

366	365	0
367	366	0

367	366	0
368	367	0

368	367	0
369	368	0

369	368	0
370	369	0

370	369	0
371	370	0

371	370	0
372	371	0

372	371	0
373	372	0

373	372	0
374	373	0

374	373	0
375	374	0

375	374	0
376	375	0

376	375	0
377	376	0

377	376	0
378	377	0

378	377	0
379	378	0

379	378	0
380	379	0

380	379	0
381	380	0

381	380	0
382	381	0

382	381	0
383	382	0

383	382	0
384	383	0

384	383	0
385	384	0

385	384	0
386	385	0

386	385	0
387	386	0

387	386	0
388	387	0

388	387	0
389	388	0

389	388	0
390	389	0

390	389	0
391	390	0

391	390	0
392	391	0

392	391	0
393	392	0

393	392	0
394	393	0

357	356	0
395	394	0

395	394	0
396	395	0

396	395	0
397	396	0

397	396	0
398	397	0

398	397	0
399	398	0

399	398	0
400	399	0

400	399	0
401	400	0

401	400	0
402	401	0

402	401	0
403	402	0

403	402	0
404	403	0

404	403	0
405	404	0

405	404	0
406	405	0

406	405	0
407	406	0

407	406	0
408	407	0

408	407	0
409	408	0

409	408	0
410	409	0

410	409	0
411	410	0

411	410	0
412	411	0

412	411	0
413	412	0

413	412	0
414	413	0

414	413	0
415	414	0

415	414	0
416	415	0

416	415	0
417	416	0

417	416	0
418	417	0

418	417	0
419	418	0

419	418	0
420	419	0

420	419	0
421	420	0

421	420	0
422	421	0

422	421	0
423	422	0

423	422	0
424	423	0

405	404	0
425	424	0

410	409	0
426	425	0

411	410	0
427	426	0

412	411	0
428	427	0

413	412	0
429	428	0

414	413	0
430	429	0

415	414	0
431	430	0

416	415	0
432	431	0

417	416	0
433	432	0

418	417	0
434	433	0

419	418	0
435	434	0

420	419	0
436	435	0

421	420	0
437	436	0

422	421	0
438	437	0

423	422	0
439	438	0

422	421	0
440	439	0

423	422	0
441	440	0

424	423	0
442	441	0

425	424	0
443	442	0

426	425	0
444	443	0

427	426	0
445	444	0

428	427	0
446	445	0

429	428	0
447	446	0

430	429	0
448	447	0

431	430	0
449	448	0

432	431	0
450	449	0

423	422	0
451	450	0

451	450	0
452	451	0

452	451	0
453	452	0

453	452	0
454	453	0

454	453	0
455	454	0

455	454	0
456	455	0

456	455	0
457	456	0

457	456	0
458	457	0

458	457	0
459	458	0

459	458	0
460	459	0

460	459	0
461	460	0

461	460	0
462	461	0

462	461	0
463	462	0

463	462	0
464	463	0

2	1	0
465	464	0

465	464	0
466	465	0

466	465	0
467	466	0

467	466	0
468	467	0

468	467	0
469	468	0

469	468	0
470	469	0

470	469	0
471	470	0

471	470	0
472	471	0

472	471	0
473	472	0

473	472	0
474	473	0

474	473	0
475	474	0

475	474	0
476	475	0

476	475	0
477	476	0

477	476	0
478	477	0

478	477	0
479	478	0

479	478	0
480	479	0

480	479	0
481	480	0

481	480	0
482	481	0

482	481	0
483	482	0

483	482	0
484	483	0

484	483	0
485	484	0

485	484	0
486	485	0

486	485	0
487	486	0

487	486	0
488	487	0

488	487	0
489	488	0

489	488	0
490	489	0

490	489	0
491	490	0

491	490	0
492	491	0

492	491	0
493	492	0

493	492	0
494	493	0

494	493	0
495	494	0

495	494	0
496	495	0

496	495	0
497	496	0

497	496	0
498	497	0

498	497	0
499	498	0

499	498	0
500	499	0

500	499	0
501	500	0

501	500	0
502	501	0

502	501	0
503	502	0

503	502	0
504	503	0

504	503	0
505	504	0

505	504	0
506	505	0

506	505	0
507	506	0

507	506	0
508	507	0

508	507	0
509	508	0

469	468	0
510	509	0

470	469	0
511	510	0

471	470	0
512	511	0

472	471	0
513	512	0

473	472	0
514	513	0

474	473	0
515	514	0

475	474	0
516	515	0

476	475	0
517	516	0

477	476	0
518	517	0

478	477	0
519	518	0

479	478	0
520	519	0

480	479	0
521	520	0

481	480	0
522	521	0

482	481	0
523	522	0

483	482	0
524	523	0

484	483	0
525	524	0

485	484	0
526	525	0

486	485	0
527	526	0

487	486	0
528	527	0

488	487	0
529	528	0

489	488	0
530	529	0

490	489	0
531	530	0

491	490	0
532	531	0

492	491	0
533	532	0

493	492	0
534	533	0

494	493	0
535	534	0

495	494	0
536	535	0

496	495	0
537	536	0

497	496	0
538	537	0

498	497	0
539	538	0

499	498	0
540	539	0

500	499	0
541	540	0

501	500	0
542	541	0

502	501	0
543	542	0

503	502	0
544	543	0

504	503	0
545	544	0

505	504	0
546	545	0

506	505	0
547	546	0

507	506	0
548	547	0

508	507	0
549	548	0

469	468	0
550	549	0

550	549	0
551	550	0

551	550	0
552	551	0

552	551	0
553	552	0

553	552	0
554	553	0

554	553	0
555	554	0

555	554	0
556	555	0

556	555	0
557	556	0

557	556	0
558	557	0

558	557	0
559	558	0

559	558	0
560	559	0

560	559	0
561	560	0

561	560	0
562	561	0

562	561	0
563	562	0

563	562	0
564	563	0

564	563	0
565	564	0

565	564	0
566	565	0

566	565	0
567	566	0

567	566	0
568	567	0

551	550	0
569	568	0

550	549	0
570	569	0

551	550	0
571	570	0

552	551	0
572	571	0

553	552	0
573	572	0

554	553	0
574	573	0

555	554	0
575	574	0

556	555	0
576	575	0

557	556	0
577	576	0

558	557	0
578	577	0

559	558	0
579	578	0

560	559	0
580	579	0

561	560	0
581	580	0

562	561	0
582	581	0

563	562	0
583	582	0

564	563	0
584	583	0

565	564	0
585	584	0

566	565	0
586	585	0

567	566	0
587	586	0

473	472	0
588	587	0

588	587	0
589	588	0

589	588	0
590	589	0

590	589	0
591	590	0

591	590	0
592	591	0

592	591	0
593	592	0

593	592	0
594	593	0

594	593	0
595	594	0

595	594	0
596	595	0

596	595	0
597	596	0

597	596	0
598	597	0

598	597	0
599	598	0

599	598	0
600	599	0

600	599	0
601	600	0

4	3	0
823	822	0

823	822	0
824	823	0

824	823	0
825	824	0

825	824	0
826	825	0

826	825	0
827	826	0

827	826	0
828	827	0

828	827	0
829	828	0

829	828	0
830	829	0

830	829	0
831	830	0

831	830	0
832	831	0

832	831	0
833	832	0

833	832	0
834	833	0

834	833	0
835	834	0

835	834	0
836	835	0

836	835	0
837	836	0

837	836	0
838	837	0

838	837	0
839	838	0

839	838	0
840	839	0

840	839	0
841	840	0

841	840	0
842	841	0

842	841	0
843	842	0

843	842	0
844	843	0

844	843	0
845	844	0

845	844	0
846	845	0

846	845	0
847	846	0

847	846	0
848	847	0

848	847	0
849	848	0

849	848	0
850	849	0

850	849	0
851	850	0

834	833	0
852	851	0

835	834	0
853	852	0

836	835	0
854	853	0

837	836	0
855	854	0

838	837	0
856	855	0

839	838	0
857	856	0

840	839	0
858	857	0

841	840	0
859	858	0

842	841	0
860	859	0

843	842	0
861	860	0

844	843	0
862	861	0

845	844	0
863	862	0

846	845	0
864	863	0

847	846	0
865	864	0

848	847	0
866	865	0

849	848	0
867	866	0

850	849	0
868	867	0

845	844	0
869	868	0

846	845	0
870	869	0

847	846	0
871	870	0

848	847	0
872	871	0

849	848	0
874	872	0

850	849	0
875	875	0

848	847	0
876	876	0

849	848	0
877	877	0

850	849	0
878	878	0

0.077	0	1
3	2	1

3	2	1
602	601	1

602	601	1
603	602	1

603	602	1
604	603	1

604	603	1
605	604	1

605	604	1
606	605	1

606	605	1
607	606	1

607	606	1
608	607	1

608	607	1
609	608	1

609	608	1
610	609	1

610	609	1
611	610	1

611	610	1
612	611	1

612	611	1
613	612	1

613	612	1
614	613	1

614	613	1
615	614	1

615	614	1
616	615	1

616	615	1
617	616	1

617	616	1
618	617	1

618	617	1
619	618	1

619	618	1
620	619	1

620	619	1
621	620	1

621	620	1
622	621	1

622	621	1
623	622	1

623	622	1
624	623	1

624	623	1
625	624	1

625	624	1
626	625	1

626	625	1
627	626	1

627	626	1
628	627	1

628	627	1
629	628	1

629	628	1
630	629	1

630	629	1
631	630	1

631	630	1
632	631	1

632	631	1
633	632	1

633	632	1
634	633	1

634	633	1
635	634	1

635	634	1
636	635	1

636	635	1
637	636	1

637	636	1
638	637	1

638	637	1
639	638	1

639	638	1
640	639	1

640	639	1
641	640	1

641	640	1
642	641	1

642	641	1
643	642	1

643	642	1
644	643	1

644	643	1
645	644	1

645	644	1
646	645	1

646	645	1
647	646	1

633	632	1
648	647	1

634	633	1
649	648	1

635	634	1
650	649	1

650	649	1
651	650	1

651	650	1
652	651	1

651	650	1
653	652	1

603	602	1
654	653	1

604	603	1
655	654	1

605	604	1
656	655	1

606	605	1
657	656	1

607	606	1
658	657	1

608	607	1
659	658	1

609	608	1
660	659	1

610	609	1
661	660	1

611	610	1
662	661	1

612	611	1
663	662	1

613	612	1
664	663	1

614	613	1
665	664	1

615	614	1
666	665	1

616	615	1
667	666	1

617	616	1
668	667	1

618	617	1
669	668	1

619	618	1
670	669	1

620	619	1
671	670	1

621	620	1
672	671	1

622	621	1
673	672	1

623	622	1
674	673	1

624	623	1
675	674	1

625	624	1
676	675	1

626	625	1
677	676	1

627	626	1
678	677	1

628	627	1
679	678	1

629	628	1
680	679	1

630	629	1
681	680	1

631	630	1
682	681	1

632	631	1
683	682	1

633	632	1
684	683	1

634	633	1
685	684	1

635	634	1
686	685	1

636	635	1
687	686	1

637	636	1
688	687	1

638	637	1
689	688	1

639	638	1
690	689	1

640	639	1
691	690	1

641	640	1
692	691	1

642	641	1
693	692	1

643	642	1
694	693	1

644	643	1
695	694	1

645	644	1
696	695	1

646	645	1
697	696	1

647	646	1
698	697	1

648	647	1
699	698	1

649	648	1
700	699	1

650	649	1
701	700	1

651	650	1
702	701	1

652	651	1
703	702	1

653	652	1
704	703	1

656	655	1
705	704	1

657	656	1
706	705	1

658	657	1
707	706	1

659	658	1
708	707	1

660	659	1
709	708	1

661	660	1
710	709	1

662	661	1
711	710	1

663	662	1
712	711	1

664	663	1
713	712	1

665	664	1
714	713	1

666	665	1
715	714	1

667	666	1
716	715	1

668	667	1
717	716	1

669	668	1
718	717	1

670	669	1
719	718	1

671	670	1
720	719	1

672	671	1
721	720	1

673	672	1
722	721	1

674	673	1
723	722	1

675	674	1
724	723	1

676	675	1
725	724	1

677	676	1
726	725	1

678	677	1
727	726	1

679	678	1
728	727	1

680	679	1
729	728	1

681	680	1
730	729	1

682	681	1
731	730	1

683	682	1
732	731	1

684	683	1
733	732	1

685	684	1
734	733	1

686	685	1
735	734	1

687	686	1
736	735	1

688	687	1
737	736	1

689	688	1
738	737	1

690	689	1
739	738	1

691	690	1
740	739	1

692	691	1
741	740	1

693	692	1
742	741	1

694	693	1
743	742	1

695	694	1
744	743	1

696	695	1
745	744	1

697	696	1
746	745	1

698	697	1
747	746	1

699	698	1
748	747	1

700	699	1
749	748	1

701	700	1
750	749	1

702	701	1
751	750	1

703	702	1
752	751	1

704	703	1
753	752	1

734	733	1
754	753	1

735	734	1
755	754	1

736	735	1
756	755	1

737	736	1
757	756	1

738	737	1
758	757	1

739	738	1
759	758	1

740	739	1
760	759	1

741	740	1
761	760	1

742	741	1
762	761	1

743	742	1
763	762	1

744	743	1
764	763	1

745	744	1
765	764	1

746	745	1
766	765	1

747	746	1
767	766	1

748	747	1
768	767	1

749	748	1
769	768	1

750	749	1
770	769	1

751	750	1
771	770	1

752	751	1
772	771	1

753	752	1
773	772	1

686	685	1
774	773	1

687	686	1
775	774	1

688	687	1
776	775	1

689	688	1
777	776	1

690	689	1
778	777	1

691	690	1
779	778	1

692	691	1
780	779	1

693	692	1
781	780	1

694	693	1
782	781	1

695	694	1
783	782	1

696	695	1
784	783	1

697	696	1
785	784	1

698	697	1
786	785	1

699	698	1
787	786	1

700	699	1
788	787	1

701	700	1
789	788	1

702	701	1
790	789	1

703	702	1
791	790	1

704	703	1
792	791	1

734	733	1
793	792	1

694	693	1
794	793	1

695	694	1
795	794	1

696	695	1
796	795	1

697	696	1
797	796	1

698	697	1
798	797	1

699	698	1
799	798	1

700	699	1
800	799	1

701	700	1
801	800	1

702	701	1
802	801	1

703	702	1
803	802	1

704	703	1
804	803	1

734	733	1
805	804	1

697	696	1
806	805	1

698	697	1
807	806	1

699	698	1
808	807	1

700	699	1
809	808	1

701	700	1
810	809	1

702	701	1
811	810	1

703	702	1
812	811	1

704	703	1
813	812	1

734	733	1
814	813	1

701	700	1
815	814	1

702	701	1
816	815	1

703	702	1
817	816	1

704	703	1
818	817	1

734	733	1
819	818	1

703	702	1
820	819	1

704	703	1
821	820	1

734	733	1
822	821	1

