776320	645400	0
776323	645413	0

776323	645413	0
776338	645377	0

776338	645377	0
776350	645350	0

776350	645350	0
776385	645364	0

776385	645364	0
776385	645364	0

776385	645364	0
776438	645384	0

776438	645384	0
776460	645394	0

776460	645394	0
776512	645416	0

776512	645416	0
776552	645436	0

776552	645436	0
776544	645447	0

776544	645447	0
776544	645447	0

776544	645447	0
776522	645473	0

776512	645416	0
776516	645406	0

776516	645406	0
776516	645406	0

776516	645406	0
776550	645319	0

776438	645384	0
776433	645396	0

776433	645396	0
776433	645396	0

776433	645396	0
776419	645429	0

776552	645436	1
776618	645471	1

776618	645471	1
776647	645488	1

776647	645488	1
776632	645492	1

776632	645492	1
776632	645492	1

776632	645492	1
776611	645529	1

776611	645529	1
776603	645524	1

776603	645524	1
776603	645524	1

776603	645524	1
776583	645512	1

776611	645529	1
776550	645634	1

776550	645634	1
776531	645668	1

776531	645668	1
776495	645739	1

776531	645668	1
776576	645689	1

776495	645739	2
776341	645662	2

776341	645662	2
776334	645681	2

776341	645662	2
776331	645658	2

776341	645662	2
776347	645651	2

776347	645651	2
776376	645598	2

776376	645598	2
776378	645593	2

776378	645593	2
776378	645593	2

776378	645593	2
776385	645578	2

776495	645739	2
776476	645778	2

776476	645778	2
776568	645825	2

776647	645488	3
776701	645517	3

776701	645517	3
776732	645536	3

776732	645536	3
776759	645554	3

776759	645554	3
776744	645605	3

776759	645554	3
776872	645641	3

776872	645641	3
776894	645659	3

776701	645517	3
776696	645526	3

776696	645526	3
776696	645526	3

776696	645526	3
776675	645564	3

776894	645659	4
776902	645650	4

776902	645650	4
776902	645641	4

776902	645641	4
776902	645641	4

776902	645641	4
776899	645601	4

776894	645659	4
776993	645744	4

776993	645744	4
777008	645759	4

777008	645759	4
777008	645759	4

777008	645759	4
777050	645802	4

777050	645802	4
777095	645848	4

777095	645848	4
777088	645854	4

777088	645854	4
777088	645854	4

777088	645854	4
777075	645865	4

777075	645865	4
777082	645875	4

777082	645875	4
777074	645882	4

777075	645865	4
777066	645872	4

776894	645659	4
776885	645667	4

776885	645667	4
776885	645667	4

776885	645667	4
776869	645682	4

776869	645682	4
776852	645728	4

777095	645848	5
777160	645924	5

777160	645924	5
777168	645919	5

777168	645919	5
777168	645919	5

777168	645919	5
777175	645915	5

777160	645924	5
777177	645948	5

777177	645948	5
777192	645968	5

777192	645968	5
777231	646024	5

777231	646024	5
777240	646038	5

777240	646038	5
777212	646058	5

777212	646058	5
777212	646058	5

777212	646058	5
777117	646130	5

777240	646038	5
777298	646113	5

776993	645744	6
776995	645726	6

776995	645726	6
776993	645723	6

776993	645723	6
776993	645723	6

776993	645723	6
776976	645691	6

776976	645691	6
776964	645656	6

776964	645656	6
776981	645648	6

776964	645656	6
776921	645526	6

776921	645526	6
776893	645427	6

776893	645427	6
776892	645426	6

776892	645426	6
776882	645392	6

776852	645728	7
776871	645738	7

776871	645738	7
776891	645756	7

776891	645756	7
776895	645750	7

776895	645750	7
776895	645750	7

776895	645750	7
776905	645739	7

776891	645756	7
776940	645798	7

776940	645798	7
776940	645798	7

776940	645798	7
776948	645804	7

776852	645728	7
776838	645721	7

776852	645728	7
776845	645750	7

776845	645750	7
776823	645901	7

776823	645901	7
776802	646050	7

777117	646130	8
777069	646166	8

777069	646166	8
777048	646267	8

777117	646130	8
777146	646222	8

777146	646222	8
777156	646251	8

777117	646130	8
777101	646092	8

777101	646092	8
777072	645998	8

777072	645998	8
777058	645969	8

777298	646113	9
777445	646308	9

777445	646308	9
777466	646340	9

777466	646340	9
777540	646442	9

777466	646340	9
777490	646321	9

777048	646267	10
777152	646287	10

777152	646287	10
777152	646297	10

777152	646297	10
777152	646297	10

777152	646297	10
777152	646353	10

777152	646287	10
777202	646300	10

777048	646267	10
777036	646265	10

777036	646265	10
777036	646265	10

777036	646265	10
776964	646249	10

777048	646267	10
777043	646290	10

777043	646290	10
777024	646415	10

777540	646442	11
777540	646442	11

777540	646442	11
777566	646475	11

777566	646475	11
777573	646479	11

777573	646479	11
777590	646473	11

777590	646473	11
777615	646453	11

777615	646453	11
777671	646411	11

777671	646411	11
777607	646325	11

777671	646411	11
777679	646421	11

777671	646411	11
777715	646375	11

776964	646249	12
776975	646168	12

776975	646168	12
776890	646158	12

776890	646158	12
776872	646156	12

776890	646158	12
776888	646169	12

776890	646158	12
776897	646133	12

776975	646168	12
776984	646130	12

776964	646249	12
776938	646243	12

776964	646249	12
776965	646274	12

776965	646274	12
776945	646400	12

777573	646479	13
777552	646498	13

777552	646498	13
777552	646498	13

777552	646498	13
777526	646518	13

777526	646518	13
777523	646519	13

777523	646519	13
777527	646528	13

777527	646528	13
777527	646528	13

777527	646528	13
777539	646550	13

777523	646519	13
777510	646524	13

777510	646524	13
777466	646516	13

777466	646516	13
777468	646507	13

777468	646507	13
777468	646507	13

777468	646507	13
777477	646460	13

777466	646516	13
777331	646493	13

777573	646479	14
777620	646538	14

777620	646538	14
777662	646593	14

777662	646593	14
777680	646617	14

777680	646617	14
777715	646664	14

777715	646664	14
777705	646670	14

777705	646670	14
777705	646670	14

777705	646670	14
777676	646682	14

777715	646664	14
777731	646685	14

777731	646685	14
777778	646747	14

777331	646493	15
777349	646509	15

777349	646509	15
777407	646588	15

777407	646588	15
777421	646596	15

777421	646596	15
777421	646596	15

777421	646596	15
777451	646614	15

777331	646493	15
777299	646483	15

777299	646483	15
777298	646483	15

777298	646483	15
777263	646481	15

777263	646481	15
777248	646566	15

777778	646747	16
777770	646754	16

777778	646747	16
777787	646760	16

777787	646760	16
777787	646760	16

777787	646760	16
777823	646806	16

777823	646806	16
777839	646827	16

777839	646827	16
777855	646816	16

777855	646816	16
777855	646816	16

777855	646816	16
777923	646769	16

777923	646769	16
778007	646706	16

777839	646827	16
777831	646832	16

777778	646747	16
777803	646732	16

777803	646732	16
777861	646688	16

777263	646481	17
777183	646464	17

777183	646464	17
777154	646459	17

777154	646459	17
777086	646442	17

777086	646442	17
777022	646431	17

777022	646431	17
777016	646430	17

777022	646431	17
777024	646415	17

777022	646431	17
777009	646516	17

777183	646464	17
777188	646455	17

777188	646455	17
777188	646455	17

777188	646455	17
777197	646439	17

777839	646827	18
777901	646911	18

777901	646911	18
777926	646945	18

777926	646945	18
777933	646937	18

777933	646937	18
777933	646937	18

777933	646937	18
777944	646926	18

777926	646945	18
777945	646971	18

777945	646971	18
777962	646993	18

777962	646993	18
778013	646957	18

777901	646911	18
777934	646889	18

777154	646459	19
777139	646542	19

777139	646542	19
777122	646646	19

777122	646646	19
777119	646672	19

777122	646646	19
777184	646659	19

777184	646659	19
777212	646660	19

777962	646993	20
777988	647029	20

777988	647029	20
778023	647074	20

778023	647074	20
778073	647038	20

778073	647038	20
778083	647030	20

778083	647030	20
778101	647018	20

778083	647030	20
778080	647025	20

778080	647025	20
778080	647026	20

778080	647026	20
778074	647018	20

778073	647038	20
778063	647037	20

778063	647037	20
778063	647037	20

778063	647037	20
778027	647032	20

778027	647032	20
778020	647032	20

778023	647074	20
777982	647104	20

