776320	645400	0
776323	645413	0

776323	645413	0
776316	645370	0

776316	645370	0
776326	645341	0

776326	645341	0
776289	645328	0

776289	645328	0
776289	645328	0

776289	645328	0
776270	645320	0

776270	645320	0
776216	645300	0

776216	645300	0
776170	645315	0

776170	645315	0
776150	645361	0

776150	645361	0
776134	645361	0

776134	645361	0
776135	645361	0

776135	645361	0
775800	645340	0

775800	645340	0
775600	645120	0

775600	645120	0
775609	645113	0

775609	645113	0
775610	645113	0

775610	645113	0
775665	645070	0

775600	645120	0
775562	645112	0

775562	645112	0
775567	645098	0

775567	645098	0
775567	645098	0

775567	645098	0
775603	644981	0

775603	644981	0
775660	644979	0

775562	645112	0
775460	645090	0

775460	645090	0
775320	645060	0

775320	645060	0
775169	644961	0

775169	644961	0
775174	644955	0

775174	644955	0
775174	644955	0

775174	644955	0
775220	644900	0

775220	644900	0
775220	644899	0

775169	644961	0
775121	644929	0

775121	644929	0
775107	644930	0

775107	644930	0
775107	644930	0

775107	644930	0
774880	644939	0

775460	645090	0
775488	644977	0

775800	645340	0
775801	645356	0

775801	645356	0
775801	645356	0

775801	645356	0
775807	645418	0

776150	645361	0
776136	645400	0

776136	645400	0
776028	645694	0

776028	645694	0
775943	645929	0

775943	645929	0
775923	645984	0

775923	645984	0
775910	646018	0

775910	646018	0
775893	646008	0

775893	646008	0
775893	646008	0

775893	646008	0
775759	645927	0

775910	646018	0
775863	646156	0

775863	646156	0
775865	646198	0

775865	646198	0
775882	646239	0

775882	646239	0
775912	646271	0

775912	646271	0
776010	646309	0

776010	646309	0
776032	646317	0

776032	646317	0
776094	646340	0

776094	646340	0
776083	646369	0

776083	646369	0
776121	646383	0

776121	646383	0
776121	646383	0

776121	646383	0
776458	646508	0

776032	646317	0
776004	646372	0

776004	646372	0
776004	646372	0

775943	645929	0
775934	645926	0

776270	645320	0
776263	645338	0

776263	645338	0
776263	645338	0

776263	645338	0
776253	645370	0

776458	646508	1
776758	646618	1

776758	646618	1
777101	646753	1

777101	646753	1
777195	646813	1

777195	646813	1
777195	646813	1

777195	646813	1
777271	646904	1

777271	646904	1
777303	646950	1

777303	646950	1
777332	646990	1

777332	646990	1
777374	647047	1

777374	647047	1
777385	647062	1

777374	647047	1
777366	647053	1

777366	647053	1
777366	647053	1

777366	647053	1
777303	647101	1

777303	647101	1
777391	647223	1

777391	647223	1
777474	647334	1

777303	647101	1
777265	647131	1

777374	647047	1
777452	646989	1

777452	646989	1
777531	646929	1

777531	646929	1
777615	646869	1

777615	646869	1
777620	646876	1

777615	646869	1
777556	646792	1

777615	646869	1
777660	646837	1

777660	646837	1
777687	646816	1

777687	646816	1
777770	646754	1

777687	646816	1
777674	646804	1

777531	646929	1
777622	647051	1

777622	647051	1
777717	647178	1

777717	647178	1
777725	647189	1

777725	647189	1
777749	647218	1

777725	647189	1
777741	647180	1

777741	647180	1
777747	647176	1

777717	647178	1
777710	647183	1

777717	647178	1
777739	647162	1

777531	646929	1
777500	646889	1

777452	646989	1
777440	646971	1

777452	646989	1
777475	647024	1

777332	646990	1
777388	646947	1

777303	646950	1
777236	647031	1

777236	647031	1
777218	647031	1

777218	647031	1
777126	646986	1

777126	646986	1
777129	646959	1

777236	647031	1
777218	647056	1

777303	646950	1
777383	646854	1

777383	646854	1
777403	646827	1

777403	646827	1
777390	646817	1

777390	646817	1
777390	646817	1

777390	646817	1
777368	646798	1

777271	646904	1
777263	646902	1

777263	646902	1
777262	646902	1

777262	646902	1
777167	646884	1

777167	646884	1
776973	646839	1

776973	646839	1
776966	646878	1

776966	646878	1
776996	646887	1

776973	646839	1
776978	646813	1

776973	646839	1
776907	646821	1

777101	646753	1
777110	646704	1

777110	646704	1
777119	646672	1

776004	646372	2
775999	646382	2

775999	646382	2
776117	646426	2

776117	646426	2
776117	646426	2

776117	646426	2
776122	646427	2

776122	646427	2
776206	646463	2

776206	646463	2
776210	646488	2

776210	646488	2
776198	646530	2

776198	646530	2
776177	646580	2

776177	646580	2
776176	646584	2

776176	646584	2
776184	646640	2

776184	646640	2
776167	646633	2

776184	646640	2
776189	646698	2

776189	646698	2
776171	646690	2

776189	646698	2
776192	646721	2

776189	646698	2
776237	646718	2

776184	646640	2
776266	646670	2

776177	646580	2
776284	646619	2

776198	646530	2
776182	646523	2

776198	646530	2
776303	646569	2

776206	646463	2
776267	646488	2

775999	646382	2
775910	646353	2

775910	646353	2
775879	646351	2

775879	646351	2
775849	646355	2

775849	646355	2
775818	646365	2

775818	646365	2
775791	646381	2

775791	646381	2
775765	646402	2

775765	646402	2
775755	646437	2

775755	646437	2
775704	646569	2

775704	646569	2
775690	646607	2

775690	646607	2
775658	646695	2

775658	646695	2
775670	646703	2

775670	646703	2
775670	646703	2

775670	646703	2
775700	646722	2

775700	646722	2
775866	646732	2

775658	646695	2
775659	646719	2

775659	646719	2
775659	646719	2

775659	646719	2
775683	646772	2

775683	646772	2
775686	646806	2

775686	646806	2
775676	646836	2

775676	646836	2
775657	646861	2

775657	646861	2
775633	646878	2

775633	646878	2
775603	646889	2

775603	646889	2
775580	646904	2

775580	646904	2
775569	646932	2

775569	646932	2
775515	647042	2

775515	647042	2
775498	647086	2

775498	647086	2
775501	647116	2

775501	647116	2
775482	647166	2

775482	647166	2
775499	647173	2

775499	647173	2
775499	647173	2

775499	647173	2
775512	647181	2

775482	647166	2
775458	647233	2

775458	647233	2
775442	647228	2

775442	647228	2
775442	647228	2

775442	647228	2
775259	647162	2

775259	647162	2
775259	647162	2

775259	647162	2
775203	647142	2

775203	647142	2
775196	647142	2

775458	647233	2
775413	647356	2

775413	647356	2
775492	647359	2

775492	647359	2
775492	647359	2

775492	647359	2
775627	647363	2

775627	647363	2
775635	647354	2

775627	647363	2
775621	647369	2

775621	647369	2
775621	647369	2

775621	647369	2
775601	647382	2

775601	647382	2
775526	647424	2

775526	647424	2
775510	647442	2

775510	647442	2
775432	647520	2

775432	647520	2
775354	647599	2

775627	647363	2
775748	647367	2

775748	647367	2
775775	647367	2

775775	647367	2
775785	647359	2

775785	647359	2
775785	647359	2

775785	647359	2
775787	647357	2

775787	647357	2
775814	647289	2

775814	647289	2
775814	647289	2

775814	647289	2
775853	647191	2

775775	647367	2
775854	647370	2

775633	646878	2
775637	646895	2

775637	646895	2
775637	646895	2

775637	646895	2
775665	647019	2

775683	646772	2
775696	646772	2

775696	646772	2
775696	646772	2

775696	646772	2
775810	646774	2

775943	645929	3
775961	645936	3

775961	645936	3
775961	645936	3

775961	645936	3
776044	645968	3

776044	645968	3
776051	645945	3

776051	645945	3
776051	645945	3

776051	645945	3
776068	645901	3

776068	645901	3
776128	645918	3

776128	645918	3
776190	645941	3

776190	645941	3
776223	645953	3

776223	645953	3
776251	645963	3

776251	645963	3
776276	645973	3

776276	645973	3
776276	645973	3

776276	645973	3
776308	645985	3

776308	645985	3
776369	646008	3

776369	646008	3
776380	646012	3

776369	646008	3
776364	646025	3

776369	646008	3
776404	645920	3

776404	645920	3
776431	645846	3

776431	645846	3
776454	645785	3

776454	645785	3
776422	645771	3

776431	645846	3
776459	645840	3

776459	645840	3
776589	645900	3

776308	645985	3
776343	645898	3

776251	645963	3
776297	645838	3

776190	645941	3
776239	645808	3

776128	645918	3
776177	645784	3

776068	645901	3
776107	645789	3

776044	645968	3
776051	645970	3

776044	645968	3
776018	646036	3

776018	646036	3
776045	646044	3

776045	646044	3
776045	646044	3

776045	646044	3
776078	646055	3

776078	646055	3
776138	646078	3

776138	646078	3
776198	646101	3

776198	646101	3
776257	646122	3

776257	646122	3
776319	646145	3

776319	646145	3
776325	646130	3

776325	646130	3
776325	646130	3

776325	646130	3
776338	646093	3

776338	646093	3
776367	646083	3

776367	646083	3
776408	646098	3

776408	646098	3
776468	646119	3

776468	646119	3
776407	646286	3

776407	646286	3
776452	646304	3

776452	646304	3
776483	646320	3

776483	646320	3
776593	646343	3

776593	646343	3
776692	646363	3

776692	646363	3
776710	646366	3

776692	646363	3
776688	646374	3

776692	646363	3
776697	646347	3

776697	646347	3
776698	646341	3

776698	646341	3
776698	646341	3

776698	646341	3
776703	646308	3

776407	646286	3
776405	646295	3

776407	646286	3
776393	646280	3

776468	646119	3
776474	646104	3

776468	646119	3
776486	646124	3

776486	646124	3
776616	646171	3

776408	646098	3
776401	646119	3

776408	646098	3
776440	646007	3

776319	646145	3
776329	646149	3

776319	646145	3
776295	646202	3

776257	646122	3
776203	646264	3

776198	646101	3
776157	646205	3

776138	646078	3
776097	646183	3

776078	646055	3
776039	646157	3

776018	646036	3
775978	646138	3

775690	646607	4
775679	646618	4

775679	646618	4
775679	646618	4

775679	646618	4
775596	646693	4

775596	646693	4
775496	646689	4

775496	646689	4
775424	646686	4

775424	646686	4
775425	646701	4

775425	646701	4
775425	646701	4

775425	646701	4
775426	646761	4

775426	646761	4
775427	646789	4

775426	646761	4
775193	646794	4

775424	646686	4
774929	646732	4

774929	646732	4
774929	646732	4

774929	646732	4
774917	646734	4

774917	646734	4
774585	646794	4

774585	646794	4
774505	646808	4

774505	646808	4
773935	646921	4

773935	646921	4
773935	646937	4

773935	646937	4
773935	646937	4

773935	646937	4
773920	647089	4

774505	646808	4
774511	646818	4

774511	646818	4
774511	646819	4

774511	646819	4
774550	646869	4

774585	646794	4
774573	646773	4

774573	646773	4
774573	646773	4

774573	646773	4
774513	646656	4

774513	646656	4
774510	646648	4

774510	646648	4
774517	646648	4

774517	646648	4
774524	646648	4

774524	646648	4
774531	646648	4

774531	646648	4
774538	646648	4

774538	646648	4
774546	646648	4

774917	646734	4
774913	646730	4

775496	646689	4
775496	646676	4

775496	646676	4
775496	646676	4

775496	646676	4
775498	646550	4

775596	646693	4
775620	646628	4

775854	647370	5
775884	647369	5

775884	647369	5
775892	647373	5

775892	647373	5
775896	647364	5

775892	647373	5
776014	647429	5

776014	647429	5
776020	647414	5

776020	647414	5
776020	647414	5

776020	647414	5
776071	647286	5

776071	647286	5
776100	647205	5

776100	647205	5
776145	647084	5

776145	647084	5
776171	647021	5

776171	647021	5
775919	646986	5

776014	647429	5
776063	647447	5

776063	647447	5
776153	647483	5

776153	647483	5
776159	647467	5

776159	647467	5
776159	647467	5

776159	647467	5
776209	647339	5

776209	647339	5
776239	647257	5

776239	647257	5
776280	647148	5

776280	647148	5
776310	647076	5

776310	647076	5
776310	647076	5

776310	647076	5
776310	647075	5

776310	647075	5
776410	646940	5

776410	646940	5
776500	646899	5

776153	647483	5
776136	647528	5

776014	647429	5
775998	647477	5

775892	647373	5
775887	647388	5

775887	647388	5
775887	647388	5

775887	647388	5
775854	647477	5

775854	647477	5
775841	647477	5

775841	647477	5
775841	647477	5

775841	647477	5
775763	647476	5

775763	647476	5
775694	647473	5

775694	647473	5
775685	647473	5

775694	647473	5
775700	647454	5

775694	647473	5
775688	647492	5

775854	647477	5
775872	647478	5

775854	647477	5
775820	647568	5

775820	647568	5
775812	647588	5

775812	647588	5
775808	647596	5

775808	647596	5
775790	647620	5

775790	647620	5
775790	647620	5

775790	647620	5
775766	647651	5

775766	647651	5
775691	647744	5

775691	647744	5
775612	647776	5

775612	647776	5
775542	647800	5

775542	647800	5
775557	647819	5

775557	647819	5
775566	647828	5

775566	647828	5
775566	647828	5

775566	647828	5
775575	647836	5

775575	647836	5
775586	647839	5

775586	647839	5
775604	647845	5

775604	647845	5
775688	647925	5

775688	647925	5
775693	647920	5

775688	647925	5
775647	647968	5

775688	647925	5
775702	647938	5

775586	647839	5
775564	647850	5

775564	647850	5
775536	647880	5

775586	647839	5
775662	647810	5

775662	647810	5
775734	647886	5

775542	647800	5
775528	647815	5

775528	647815	5
775446	647896	5

775766	647651	5
775762	647647	5

775762	647647	5
775762	647646	5

775762	647646	5
775751	647633	5

775812	647588	5
775800	647588	5

775800	647588	5
775800	647588	5

775800	647588	5
775775	647587	5

775775	647587	5
775665	647584	5

775665	647584	5
775606	647580	5

775606	647580	5
775574	647590	5

775574	647590	5
775552	647602	5

775552	647602	5
775435	647681	5

775435	647681	5
775349	647741	5

775820	647568	5
775920	647578	5

775920	647578	5
776052	647594	5

776052	647594	5
776079	647596	5

773935	646921	6
773230	647070	6

773230	647070	6
772945	647100	6

772945	647100	6
772945	647100	6

772945	647100	6
772100	647200	6

772100	647200	6
772107	647209	6

772107	647209	6
772107	647209	6

772107	647209	6
772245	647391	6

772245	647391	6
772252	647391	6

772100	647200	6
771980	647220	6

773230	647070	6
773230	647083	6

773230	647083	6
773230	647082	6

773230	647082	6
773230	647150	6

773230	647150	6
773230	647183	6

773230	647183	6
773230	647234	6

773230	647234	6
773230	647279	6

773230	647279	6
773230	647279	6

773230	647279	6
773230	647290	6

773230	647290	6
773294	647286	6

773230	647234	6
773217	647243	6

773217	647243	6
773217	647243	6

773217	647243	6
773181	647268	6

773181	647268	6
773220	647659	6

773230	647150	6
773243	647155	6

773243	647155	6
773243	647155	6

773243	647155	6
773400	647209	6

774913	646730	7
774913	646730	7

774913	646730	7
774611	646385	7

774611	646385	7
774585	646357	7

774585	646357	7
774566	646324	7

774566	646324	7
774547	646293	7

774547	646293	7
774480	646136	7

774480	646136	7
774502	646121	7

774502	646121	7
774502	646121	7

774502	646121	7
774653	646014	7

774653	646014	7
774613	645965	7

774613	645965	7
774635	645944	7

774635	645944	7
774749	645891	7

774749	645891	7
774815	645884	7

774815	645884	7
774847	645888	7

774847	645888	7
774885	645893	7

774885	645893	7
774951	645918	7

774951	645918	7
775008	645958	7

775008	645958	7
775055	646013	7

775055	646013	7
775088	646078	7

775088	646078	7
775102	646144	7

775102	646144	7
775105	646182	7

775105	646182	7
775101	646218	7

775101	646218	7
775082	646287	7

774613	645965	7
774505	645871	7

774653	646014	7
774699	646098	7

774699	646098	7
774717	646135	7

774717	646135	7
774738	646206	7

774738	646206	7
774757	646234	7

774480	646136	7
774444	646092	7

774444	646092	7
774413	646063	7

774413	646063	7
774315	646003	7

774315	646003	7
774280	645983	7

774280	645983	7
774150	645845	7

774150	645845	7
774150	645845	7

774150	645845	7
774111	645786	7

774111	645786	7
774111	645786	7

774111	645786	7
774100	645769	7

774100	645769	7
774107	645769	7

774107	645769	7
774114	645769	7

774114	645769	7
774121	645769	7

774121	645769	7
774128	645769	7

774128	645769	7
774135	645769	7

774135	645769	7
774142	645769	7

774142	645769	7
774149	645769	7

774444	646092	7
774420	646110	7

774420	646110	7
774416	646106	7

774416	646106	7
774416	646106	7

774416	646106	7
774399	646090	7

774611	646385	7
774702	646445	7

774702	646445	7
774737	646453	7

776153	647483	8
776200	647501	8

776200	647501	8
776293	647536	8

776293	647536	8
776308	647541	8

776308	647541	8
776308	647541	8

776308	647541	8
776341	647556	8

776341	647556	8
776358	647561	8

776358	647561	8
776336	647613	8

776358	647561	8
776430	647589	8

776430	647589	8
776580	647643	8

776580	647643	8
776631	647606	8

776631	647606	8
776726	647533	8

776726	647533	8
776783	647487	8

776783	647487	8
776833	647452	8

776833	647452	8
776977	647344	8

776977	647344	8
777026	647305	8

777026	647305	8
777050	647287	8

777050	647287	8
777049	647287	8

777049	647287	8
777118	647237	8

777118	647237	8
777098	647225	8

777098	647225	8
777098	647225	8

777098	647225	8
776972	647153	8

776972	647153	8
776909	647118	8

776909	647118	8
776882	647093	8

776882	647093	8
776826	647075	8

776826	647075	8
776810	647164	8

776810	647164	8
776616	647137	8

776616	647137	8
776618	647131	8

776616	647137	8
776605	647136	8

776616	647137	8
776606	647163	8

776810	647164	8
776834	647167	8

776810	647164	8
776799	647249	8

776826	647075	8
776722	647054	8

776722	647054	8
776620	647056	8

777118	647237	8
777128	647229	8

777118	647237	8
777126	647242	8

777126	647242	8
777153	647265	8

777153	647265	8
777174	647290	8

777174	647290	8
777277	647420	8

777277	647420	8
777360	647531	8

777026	647305	8
777094	647419	8

777094	647419	8
777130	647480	8

777130	647480	8
777123	647486	8

777123	647486	8
777093	647502	8

777093	647502	8
777030	647528	8

777130	647480	8
777193	647589	8

777193	647589	8
777215	647622	8

776783	647487	8
776720	647383	8

776720	647383	8
776685	647323	8

776685	647323	8
776689	647319	8

776689	647319	8
776689	647319	8

776689	647319	8
776701	647306	8

776726	647533	8
776783	647628	8

776783	647628	8
776796	647650	8

776796	647650	8
776733	647668	8

776733	647668	8
776739	647677	8

776739	647677	8
776739	647677	8

776739	647677	8
776784	647744	8

776726	647533	8
776678	647455	8

776430	647589	8
776452	647535	8

776293	647536	8
776324	647450	8

776324	647450	8
776331	647415	8

776331	647415	8
776342	647388	8

776342	647388	8
776380	647286	8

771980	647220	9
771939	647227	9

771939	647227	9
771939	647227	9

771939	647227	9
770293	647441	9

770293	647441	9
769940	647420	9

769940	647420	9
769938	647402	9

769938	647402	9
769938	647402	9

769938	647402	9
769910	647130	9

769940	647420	9
769940	647446	9

769940	647446	9
769940	647446	9

769940	647446	9
769940	647482	9

769940	647482	9
769611	647948	9

771980	647220	9
771945	647100	9

771945	647100	9
771945	647100	9

771945	647100	9
771620	646110	9

769910	647130	10
769891	647123	10

769891	647123	10
769891	647123	10

769891	647123	10
769490	646980	10

769490	646980	10
769070	646050	10

769070	646050	10
768944	645807	10

768944	645807	10
769043	645745	10

769043	645745	10
769043	645745	10

769043	645745	10
769067	645730	10

769067	645730	10
769074	645730	10

769074	645730	10
769081	645730	10

769081	645730	10
769088	645730	10

769070	646050	10
769060	646056	10

769060	646056	10
769060	646056	10

769060	646056	10
768703	646267	10

768703	646267	10
768690	646283	10

768690	646283	10
768690	646283	10

768690	646283	10
768659	646320	10

768703	646267	10
768694	646257	10

768694	646257	10
768694	646257	10

768694	646257	10
768644	646203	10

768644	646203	10
768415	645873	10

768415	645873	10
768415	645873	10

768415	645873	10
768350	645779	10

768415	645873	10
768377	645901	10

768644	646203	10
768604	646253	10

768604	646253	10
768604	646253	10

768604	646253	10
768457	646527	10

768457	646527	10
767845	646847	10

769910	647130	10
769920	647099	10

771620	646110	11
771680	645900	11

771680	645900	11
771600	645650	11

771600	645650	11
771600	645623	11

771600	645623	11
771600	645500	11

771600	645500	11
771940	644592	11

771940	644592	11
772080	644220	11

772080	644220	11
772050	644140	11

772050	644140	11
771870	643640	11

771870	643640	11
771440	643240	11

771440	643240	11
771451	643232	11

771451	643232	11
771451	643232	11

771451	643232	11
771990	642829	11

771940	644592	11
771952	644598	11

771952	644598	11
771952	644598	11

771952	644598	11
772000	644619	11

771600	645623	11
771617	645622	11

771617	645622	11
771617	645622	11

771617	645622	11
771700	645619	11

771600	645650	11
771577	645652	11

771577	645652	11
771577	645652	11

771577	645652	11
771473	645660	11

771473	645660	11
771465	645660	11

767845	646847	12
767758	646892	12

767758	646892	12
767700	646923	12

767700	646923	12
767374	646750	12

767374	646750	12
767239	646679	12

767374	646750	12
767370	646800	12

767758	646892	12
767957	647235	12

767957	647235	12
767953	647322	12

767953	647322	12
768047	647984	12

768047	647984	12
767662	648116	12

767662	648116	12
767580	648283	12

767580	648283	12
767345	648266	12

767345	648266	12
767338	648465	12

767345	648266	12
767262	648260	12

767262	648260	12
767220	648275	12

767262	648260	12
767002	647943	12

767580	648283	12
767593	648299	12

768047	647984	12
768063	648103	12

768063	648103	12
767999	648224	12

767953	647322	12
768095	647334	12

767845	646847	12
767891	646915	12

771440	643240	13
771411	643210	13

771411	643210	13
771382	643207	13

771382	643207	13
771382	643207	13

771382	643207	13
771160	643184	13

771160	643184	13
771123	643178	13

771123	643178	13
770776	643119	13

770776	643119	13
769593	642899	13

769593	642899	13
769537	642888	13

769593	642899	13
769592	642854	13

769592	642854	13
769525	642861	13

770776	643119	13
770773	643030	13

771123	643178	13
771122	643180	13

771122	643180	13
771120	643194	13

771120	643194	13
771119	643201	13

771119	643201	13
771118	643215	13

771118	643215	13
771117	643222	13

771117	643222	13
771116	643229	13

771116	643229	13
771115	643236	13

771115	643236	13
771114	643243	13

771114	643243	13
771114	643245	13

771114	643245	13
771114	643250	13

771114	643250	13
771113	643252	13

771113	643252	13
771113	643257	13

771113	643257	13
771112	643259	13

771112	643259	13
771112	643264	13

771112	643264	13
771112	643266	13

771112	643266	13
771111	643271	13

771111	643271	13
771111	643273	13

771111	643273	13
771110	643278	13

771160	643184	13
771147	643091	13

771147	643091	13
771072	642921	13

771072	642921	13
771120	642872	13

771120	642872	13
771288	642817	13

771288	642817	13
771451	642814	13

771451	642814	13
771318	642468	13

771451	642814	13
771457	642814	13

771072	642921	13
770897	642529	13

771411	643210	13
771348	643145	13

771348	643145	13
771348	643145	13

771348	643145	13
771334	643131	13

772050	644140	14
772063	644139	14

772063	644139	14
772062	644139	14

772062	644139	14
772379	644173	14

772379	644173	14
772383	644206	14

772383	644206	14
773197	644211	14

773197	644211	14
773262	643624	14

773262	643624	14
773278	643548	14

773262	643624	14
773332	643602	14

773332	643602	14
773305	643489	14

773305	643489	14
773353	643408	14

773353	643408	14
773213	643079	14

773213	643079	14
773213	643079	14

773213	643079	14
773248	642953	14

773248	642953	14
773272	642863	14

773248	642953	14
773252	642955	14

773252	642955	14
773253	642955	14

773253	642955	14
773342	642986	14

773197	644211	14
773272	644211	14

772379	644173	14
772394	644175	14

772394	644175	14
772405	644119	14

772405	644119	14
772405	644126	14

772405	644126	14
772405	644133	14

772405	644133	14
772405	644140	14

772405	644140	14
772406	644154	14

769525	642861	15
768660	643561	15

768660	643561	15
768302	643851	15

768302	643851	15
767585	644262	15

768660	643561	15
767927	643139	15

767927	643139	15
767876	643224	15

767927	643139	15
767802	643071	15

767802	643071	15
767666	642995	15

767666	642995	15
766524	642963	15

767802	643071	15
767800	643075	15

