776320	645400	0
776323	645413	0

776323	645413	0
776338	645377	0

776338	645377	0
776350	645350	0

776350	645350	0
776385	645364	0

776385	645364	0
776385	645364	0

776385	645364	0
776438	645384	0

776438	645384	0
776460	645394	0

776460	645394	0
776512	645416	0

776512	645416	0
776552	645436	0

776552	645436	0
776544	645447	0

776544	645447	0
776544	645447	0

776544	645447	0
776522	645473	0

776552	645436	0
776618	645471	0

776618	645471	0
776647	645488	0

776647	645488	0
776632	645492	0

776632	645492	0
776632	645492	0

776632	645492	0
776611	645529	0

776611	645529	0
776603	645524	0

776603	645524	0
776603	645524	0

776603	645524	0
776583	645512	0

776611	645529	0
776550	645634	0

776550	645634	0
776531	645668	0

776531	645668	0
776495	645739	0

776495	645739	0
776341	645662	0

776341	645662	0
776334	645681	0

776341	645662	0
776331	645658	0

776341	645662	0
776347	645651	0

776347	645651	0
776376	645598	0

776376	645598	0
776378	645593	0

776378	645593	0
776378	645593	0

776378	645593	0
776385	645578	0

776495	645739	0
776476	645778	0

776476	645778	0
776568	645825	0

776531	645668	0
776576	645689	0

776647	645488	0
776701	645517	0

776701	645517	0
776732	645536	0

776732	645536	0
776759	645554	0

776759	645554	0
776744	645605	0

776759	645554	0
776872	645641	0

776701	645517	0
776696	645526	0

776696	645526	0
776696	645526	0

776696	645526	0
776675	645564	0

776512	645416	0
776516	645406	0

776516	645406	0
776516	645406	0

776516	645406	0
776550	645319	0

776438	645384	0
776433	645396	0

776433	645396	0
776433	645396	0

776433	645396	0
776419	645429	0

776872	645641	1
776894	645659	1

776894	645659	1
776902	645650	1

776902	645650	1
776902	645641	1

776902	645641	1
776902	645641	1

776902	645641	1
776899	645601	1

776894	645659	1
776993	645744	1

776993	645744	1
777008	645759	1

777008	645759	1
777008	645759	1

777008	645759	1
777050	645802	1

777050	645802	1
777095	645848	1

777095	645848	1
777088	645854	1

777088	645854	1
777088	645854	1

777088	645854	1
777075	645865	1

777075	645865	1
777082	645875	1

777082	645875	1
777074	645882	1

777075	645865	1
777066	645872	1

777095	645848	1
777160	645924	1

777160	645924	1
777168	645919	1

777168	645919	1
777168	645919	1

777168	645919	1
777175	645915	1

777160	645924	1
777177	645948	1

777177	645948	1
777192	645968	1

777192	645968	1
777231	646024	1

777231	646024	1
777240	646038	1

776993	645744	1
776995	645726	1

776995	645726	1
776993	645723	1

776993	645723	1
776993	645723	1

776993	645723	1
776976	645691	1

776976	645691	1
776964	645656	1

776964	645656	1
776981	645648	1

776964	645656	1
776921	645526	1

776921	645526	1
776893	645427	1

776893	645427	1
776892	645426	1

776892	645426	1
776882	645392	1

776894	645659	1
776885	645667	1

776885	645667	1
776885	645667	1

776885	645667	1
776869	645682	1

776869	645682	1
776852	645728	1

776852	645728	1
776871	645738	1

776871	645738	1
776891	645756	1

776891	645756	1
776895	645750	1

776895	645750	1
776895	645750	1

776895	645750	1
776905	645739	1

776891	645756	1
776940	645798	1

776940	645798	1
776940	645798	1

776940	645798	1
776948	645804	1

776852	645728	1
776838	645721	1

776852	645728	1
776845	645750	1

776845	645750	1
776823	645901	1

776823	645901	1
776802	646050	1

777240	646038	2
777212	646058	2

777212	646058	2
777212	646058	2

777212	646058	2
777117	646130	2

777117	646130	2
777069	646166	2

777069	646166	2
777048	646267	2

777048	646267	2
777152	646287	2

777152	646287	2
777152	646297	2

777152	646297	2
777152	646297	2

777152	646297	2
777152	646353	2

777152	646287	2
777202	646300	2

777048	646267	2
777036	646265	2

777036	646265	2
777036	646265	2

777036	646265	2
776964	646249	2

776964	646249	2
776975	646168	2

776975	646168	2
776890	646158	2

776890	646158	2
776872	646156	2

776890	646158	2
776888	646169	2

776890	646158	2
776897	646133	2

776975	646168	2
776984	646130	2

776964	646249	2
776938	646243	2

776964	646249	2
776965	646274	2

776965	646274	2
776945	646400	2

777048	646267	2
777043	646290	2

777043	646290	2
777024	646415	2

777117	646130	2
777146	646222	2

777146	646222	2
777156	646251	2

777117	646130	2
777101	646092	2

777101	646092	2
777072	645998	2

777072	645998	2
777058	645969	2

777240	646038	2
777298	646113	2

777298	646113	2
777445	646308	2

777445	646308	2
777466	646340	2

777466	646340	3
777540	646442	3

777540	646442	3
777540	646442	3

777540	646442	3
777566	646475	3

777566	646475	3
777573	646479	3

777573	646479	3
777590	646473	3

777590	646473	3
777615	646453	3

777615	646453	3
777671	646411	3

777671	646411	3
777607	646325	3

777671	646411	3
777679	646421	3

777671	646411	3
777715	646375	3

777573	646479	3
777552	646498	3

777552	646498	3
777552	646498	3

777552	646498	3
777526	646518	3

777526	646518	3
777523	646519	3

777523	646519	3
777527	646528	3

777527	646528	3
777527	646528	3

777527	646528	3
777539	646550	3

777523	646519	3
777510	646524	3

777510	646524	3
777466	646516	3

777466	646516	3
777468	646507	3

777468	646507	3
777468	646507	3

777468	646507	3
777477	646460	3

777466	646516	3
777331	646493	3

777331	646493	3
777349	646509	3

777349	646509	3
777407	646588	3

777407	646588	3
777421	646596	3

777421	646596	3
777421	646596	3

777421	646596	3
777451	646614	3

777331	646493	3
777299	646483	3

777299	646483	3
777298	646483	3

777298	646483	3
777263	646481	3

777263	646481	3
777183	646464	3

777183	646464	3
777154	646459	3

777154	646459	3
777086	646442	3

777086	646442	3
777022	646431	3

777022	646431	3
777016	646430	3

777022	646431	3
777024	646415	3

777022	646431	3
777009	646516	3

777154	646459	3
777139	646542	3

777139	646542	3
777122	646646	3

777122	646646	3
777119	646672	3

777122	646646	3
777184	646659	3

777184	646659	3
777212	646660	3

777183	646464	3
777188	646455	3

777188	646455	3
777188	646455	3

777188	646455	3
777197	646439	3

777263	646481	3
777248	646566	3

777466	646340	3
777490	646321	3

777573	646479	4
777620	646538	4

777620	646538	4
777662	646593	4

777662	646593	4
777680	646617	4

777680	646617	4
777715	646664	4

777715	646664	4
777705	646670	4

777705	646670	4
777705	646670	4

777705	646670	4
777676	646682	4

777715	646664	4
777731	646685	4

777731	646685	4
777778	646747	4

777778	646747	4
777770	646754	4

777778	646747	4
777787	646760	4

777787	646760	4
777787	646760	4

777787	646760	4
777823	646806	4

777823	646806	4
777839	646827	4

777839	646827	4
777901	646911	4

777901	646911	4
777926	646945	4

777926	646945	4
777933	646937	4

777933	646937	4
777933	646937	4

777933	646937	4
777944	646926	4

777926	646945	4
777945	646971	4

777945	646971	4
777962	646993	4

777962	646993	4
778013	646957	4

777962	646993	4
777988	647029	4

777988	647029	4
778023	647074	4

778023	647074	4
778073	647038	4

778073	647038	4
778083	647030	4

778083	647030	4
778101	647018	4

778083	647030	4
778080	647025	4

778080	647025	4
778080	647026	4

778080	647026	4
778074	647018	4

778073	647038	4
778063	647037	4

778063	647037	4
778063	647037	4

778063	647037	4
778027	647032	4

778027	647032	4
778020	647032	4

778023	647074	4
777982	647104	4

777901	646911	4
777934	646889	4

777839	646827	4
777855	646816	4

777855	646816	4
777855	646816	4

777855	646816	4
777923	646769	4

777923	646769	4
778007	646706	4

777839	646827	4
777831	646832	4

777778	646747	4
777803	646732	4

777803	646732	4
777861	646688	4

