776320	645400	0
776323	645413	0

776323	645413	0
776316	645370	0

776316	645370	0
776326	645341	0

776326	645341	0
776289	645328	0

776289	645328	0
776289	645328	0

776289	645328	0
776270	645320	0

776270	645320	0
776216	645300	0

776216	645300	0
776170	645315	0

776170	645315	0
776150	645361	0

776150	645361	0
776134	645361	0

776134	645361	0
776135	645361	0

776135	645361	0
775800	645340	0

775800	645340	0
775600	645120	0

775600	645120	0
775609	645113	0

775609	645113	0
775610	645113	0

775610	645113	0
775665	645070	0

775600	645120	0
775562	645112	0

775562	645112	0
775567	645098	0

775567	645098	0
775567	645098	0

775567	645098	0
775603	644981	0

775603	644981	0
775660	644979	0

775562	645112	0
775460	645090	0

775460	645090	0
775320	645060	0

775320	645060	0
775169	644961	0

775169	644961	0
775174	644955	0

775174	644955	0
775174	644955	0

775174	644955	0
775220	644900	0

775220	644900	0
775220	644899	0

775169	644961	0
775121	644929	0

775121	644929	0
775107	644930	0

775107	644930	0
775107	644930	0

775107	644930	0
774880	644939	0

775460	645090	0
775488	644977	0

775800	645340	0
775801	645356	0

775801	645356	0
775801	645356	0

775801	645356	0
775807	645418	0

776150	645361	0
776136	645400	0

776136	645400	0
776028	645694	0

776028	645694	0
775943	645929	0

775943	645929	0
775923	645984	0

775943	645929	0
775934	645926	0

775943	645929	0
775961	645936	0

775961	645936	0
775961	645936	0

775961	645936	0
776044	645968	0

776270	645320	0
776263	645338	0

776263	645338	0
776263	645338	0

776263	645338	0
776253	645370	0

775923	645984	1
775910	646018	1

775910	646018	1
775893	646008	1

775893	646008	1
775893	646008	1

775893	646008	1
775759	645927	1

775910	646018	1
775863	646156	1

775863	646156	1
775865	646198	1

775865	646198	1
775882	646239	1

775882	646239	1
775912	646271	1

775912	646271	1
776010	646309	1

776010	646309	1
776032	646317	1

776032	646317	1
776094	646340	1

776094	646340	1
776083	646369	1

776083	646369	1
776121	646383	1

776121	646383	1
776121	646383	1

776121	646383	1
776458	646508	1

776458	646508	1
776758	646618	1

776758	646618	1
777101	646753	1

777101	646753	1
777110	646704	1

777110	646704	1
777119	646672	1

776032	646317	1
776004	646372	1

776004	646372	1
776004	646372	1

776004	646372	1
775999	646382	1

775999	646382	1
776117	646426	1

776117	646426	1
776117	646426	1

776117	646426	1
776122	646427	1

776122	646427	1
776206	646463	1

776206	646463	1
776210	646488	1

776210	646488	1
776198	646530	1

776198	646530	1
776177	646580	1

776177	646580	1
776176	646584	1

776176	646584	1
776184	646640	1

776184	646640	1
776167	646633	1

776184	646640	1
776189	646698	1

776189	646698	1
776171	646690	1

776189	646698	1
776192	646721	1

776189	646698	1
776237	646718	1

776184	646640	1
776266	646670	1

776177	646580	1
776284	646619	1

776198	646530	1
776182	646523	1

776198	646530	1
776303	646569	1

776206	646463	1
776267	646488	1

776044	645968	2
776051	645945	2

776051	645945	2
776051	645945	2

776051	645945	2
776068	645901	2

776068	645901	2
776128	645918	2

776128	645918	2
776190	645941	2

776190	645941	2
776223	645953	2

776223	645953	2
776251	645963	2

776251	645963	2
776276	645973	2

776276	645973	2
776276	645973	2

776276	645973	2
776308	645985	2

776308	645985	2
776369	646008	2

776369	646008	2
776380	646012	2

776369	646008	2
776364	646025	2

776369	646008	2
776404	645920	2

776404	645920	2
776431	645846	2

776431	645846	2
776454	645785	2

776454	645785	2
776422	645771	2

776431	645846	2
776459	645840	2

776459	645840	2
776589	645900	2

776308	645985	2
776343	645898	2

776251	645963	2
776297	645838	2

776190	645941	2
776239	645808	2

776128	645918	2
776177	645784	2

776068	645901	2
776107	645789	2

776044	645968	2
776051	645970	2

776044	645968	2
776018	646036	2

776018	646036	2
776045	646044	2

776045	646044	2
776045	646044	2

776045	646044	2
776078	646055	2

776078	646055	2
776138	646078	2

776138	646078	2
776198	646101	2

776198	646101	2
776257	646122	2

776257	646122	2
776319	646145	2

776319	646145	2
776325	646130	2

776325	646130	2
776325	646130	2

776325	646130	2
776338	646093	2

776338	646093	2
776367	646083	2

776367	646083	2
776408	646098	2

776408	646098	2
776468	646119	2

776468	646119	2
776407	646286	2

776407	646286	2
776452	646304	2

776452	646304	2
776483	646320	2

776483	646320	2
776593	646343	2

776593	646343	2
776692	646363	2

776692	646363	2
776710	646366	2

776692	646363	2
776688	646374	2

776692	646363	2
776697	646347	2

776697	646347	2
776698	646341	2

776698	646341	2
776698	646341	2

776698	646341	2
776703	646308	2

776407	646286	2
776405	646295	2

776407	646286	2
776393	646280	2

776468	646119	2
776474	646104	2

776468	646119	2
776486	646124	2

776486	646124	2
776616	646171	2

776408	646098	2
776401	646119	2

776408	646098	2
776440	646007	2

776319	646145	2
776329	646149	2

776319	646145	2
776295	646202	2

776257	646122	2
776203	646264	2

776198	646101	2
776157	646205	2

776138	646078	2
776097	646183	2

776078	646055	2
776039	646157	2

776018	646036	2
775978	646138	2

777101	646753	3
777195	646813	3

777195	646813	3
777195	646813	3

777195	646813	3
777271	646904	3

777271	646904	3
777303	646950	3

777303	646950	3
777332	646990	3

777332	646990	3
777374	647047	3

777374	647047	3
777385	647062	3

777374	647047	3
777366	647053	3

777366	647053	3
777366	647053	3

777366	647053	3
777303	647101	3

777303	647101	3
777391	647223	3

777391	647223	3
777474	647334	3

777303	647101	3
777265	647131	3

777374	647047	3
777452	646989	3

777452	646989	3
777531	646929	3

777531	646929	3
777615	646869	3

777615	646869	3
777620	646876	3

777615	646869	3
777556	646792	3

777615	646869	3
777660	646837	3

777660	646837	3
777687	646816	3

777687	646816	3
777770	646754	3

777687	646816	3
777674	646804	3

777531	646929	3
777622	647051	3

777622	647051	3
777717	647178	3

777717	647178	3
777725	647189	3

777725	647189	3
777749	647218	3

777725	647189	3
777741	647180	3

777741	647180	3
777747	647176	3

777717	647178	3
777710	647183	3

777717	647178	3
777739	647162	3

777531	646929	3
777500	646889	3

777452	646989	3
777440	646971	3

777452	646989	3
777475	647024	3

777332	646990	3
777388	646947	3

777303	646950	3
777236	647031	3

777236	647031	3
777218	647031	3

777218	647031	3
777126	646986	3

777126	646986	3
777129	646959	3

777236	647031	3
777218	647056	3

777303	646950	3
777383	646854	3

777383	646854	3
777403	646827	3

777403	646827	3
777390	646817	3

777390	646817	3
777390	646817	3

777390	646817	3
777368	646798	3

777271	646904	3
777263	646902	3

777263	646902	3
777262	646902	3

777262	646902	3
777167	646884	3

777167	646884	3
776973	646839	3

776973	646839	3
776966	646878	3

776966	646878	3
776996	646887	3

776973	646839	3
776978	646813	3

776973	646839	3
776907	646821	3

775999	646382	4
775910	646353	4

775910	646353	4
775879	646351	4

775879	646351	4
775849	646355	4

775849	646355	4
775818	646365	4

775818	646365	4
775791	646381	4

775791	646381	4
775765	646402	4

775765	646402	4
775755	646437	4

775755	646437	4
775704	646569	4

775704	646569	4
775690	646607	4

775690	646607	4
775679	646618	4

775679	646618	4
775679	646618	4

775690	646607	4
775658	646695	4

775658	646695	4
775670	646703	4

775670	646703	4
775670	646703	4

775670	646703	4
775700	646722	4

775700	646722	4
775866	646732	4

775658	646695	4
775659	646719	4

775659	646719	4
775659	646719	4

775659	646719	4
775683	646772	4

775683	646772	4
775686	646806	4

775686	646806	4
775676	646836	4

775676	646836	4
775657	646861	4

775657	646861	4
775633	646878	4

775633	646878	4
775603	646889	4

775603	646889	4
775580	646904	4

775580	646904	4
775569	646932	4

775569	646932	4
775515	647042	4

775515	647042	4
775498	647086	4

775498	647086	4
775501	647116	4

775501	647116	4
775482	647166	4

775482	647166	4
775499	647173	4

775499	647173	4
775499	647173	4

775499	647173	4
775512	647181	4

775482	647166	4
775458	647233	4

775458	647233	4
775442	647228	4

775442	647228	4
775442	647228	4

775442	647228	4
775259	647162	4

775259	647162	4
775259	647162	4

775259	647162	4
775203	647142	4

775203	647142	4
775196	647142	4

775458	647233	4
775413	647356	4

775413	647356	4
775492	647359	4

775492	647359	4
775492	647359	4

775492	647359	4
775627	647363	4

775627	647363	4
775635	647354	4

775627	647363	4
775621	647369	4

775621	647369	4
775621	647369	4

775621	647369	4
775601	647382	4

775601	647382	4
775526	647424	4

775526	647424	4
775510	647442	4

775510	647442	4
775432	647520	4

775432	647520	4
775354	647599	4

775633	646878	4
775637	646895	4

775637	646895	4
775637	646895	4

775637	646895	4
775665	647019	4

775683	646772	4
775696	646772	4

775696	646772	4
775696	646772	4

775696	646772	4
775810	646774	4

775679	646618	5
775596	646693	5

775596	646693	5
775496	646689	5

775496	646689	5
775424	646686	5

775424	646686	5
775425	646701	5

775425	646701	5
775425	646701	5

775425	646701	5
775426	646761	5

775426	646761	5
775427	646789	5

775426	646761	5
775193	646794	5

775424	646686	5
774929	646732	5

774929	646732	5
774929	646732	5

774929	646732	5
774917	646734	5

774917	646734	5
774585	646794	5

774585	646794	5
774505	646808	5

774505	646808	5
773935	646921	5

773935	646921	5
773935	646937	5

773935	646937	5
773935	646937	5

773935	646937	5
773920	647089	5

774505	646808	5
774511	646818	5

774511	646818	5
774511	646819	5

774511	646819	5
774550	646869	5

774585	646794	5
774573	646773	5

774573	646773	5
774573	646773	5

774573	646773	5
774513	646656	5

774513	646656	5
774510	646648	5

774510	646648	5
774517	646648	5

774517	646648	5
774524	646648	5

774524	646648	5
774531	646648	5

774531	646648	5
774538	646648	5

774538	646648	5
774546	646648	5

774917	646734	5
774913	646730	5

774913	646730	5
774913	646730	5

775496	646689	5
775496	646676	5

775496	646676	5
775496	646676	5

775496	646676	5
775498	646550	5

775596	646693	5
775620	646628	5

775627	647363	6
775748	647367	6

775748	647367	6
775775	647367	6

775775	647367	6
775785	647359	6

775785	647359	6
775785	647359	6

775785	647359	6
775787	647357	6

775787	647357	6
775814	647289	6

775814	647289	6
775814	647289	6

775814	647289	6
775853	647191	6

775775	647367	6
775854	647370	6

775854	647370	6
775884	647369	6

775884	647369	6
775892	647373	6

775892	647373	6
775896	647364	6

775892	647373	6
775887	647388	6

775887	647388	6
775887	647388	6

775887	647388	6
775854	647477	6

775854	647477	6
775841	647477	6

775841	647477	6
775841	647477	6

775841	647477	6
775763	647476	6

775763	647476	6
775694	647473	6

775694	647473	6
775685	647473	6

775694	647473	6
775700	647454	6

775694	647473	6
775688	647492	6

775854	647477	6
775872	647478	6

775854	647477	6
775820	647568	6

775820	647568	6
775812	647588	6

775812	647588	6
775808	647596	6

775808	647596	6
775790	647620	6

775790	647620	6
775790	647620	6

775790	647620	6
775766	647651	6

775766	647651	6
775691	647744	6

775691	647744	6
775612	647776	6

775612	647776	6
775542	647800	6

775542	647800	6
775557	647819	6

775557	647819	6
775566	647828	6

775566	647828	6
775566	647828	6

775566	647828	6
775575	647836	6

775575	647836	6
775586	647839	6

775586	647839	6
775604	647845	6

775604	647845	6
775688	647925	6

775688	647925	6
775693	647920	6

775688	647925	6
775647	647968	6

775688	647925	6
775702	647938	6

775586	647839	6
775564	647850	6

775564	647850	6
775536	647880	6

775586	647839	6
775662	647810	6

775662	647810	6
775734	647886	6

775542	647800	6
775528	647815	6

775528	647815	6
775446	647896	6

775766	647651	6
775762	647647	6

775762	647647	6
775762	647646	6

775762	647646	6
775751	647633	6

775812	647588	6
775800	647588	6

775800	647588	6
775800	647588	6

775800	647588	6
775775	647587	6

775775	647587	6
775665	647584	6

775665	647584	6
775606	647580	6

775606	647580	6
775574	647590	6

775574	647590	6
775552	647602	6

775552	647602	6
775435	647681	6

775435	647681	6
775349	647741	6

775820	647568	6
775920	647578	6

775920	647578	6
776052	647594	6

776052	647594	6
776079	647596	6

773935	646921	7
773230	647070	7

773230	647070	7
772945	647100	7

772945	647100	7
772945	647100	7

772945	647100	7
772100	647200	7

772100	647200	7
772107	647209	7

772107	647209	7
772107	647209	7

772107	647209	7
772245	647391	7

772245	647391	7
772252	647391	7

773230	647070	7
773230	647083	7

773230	647083	7
773230	647082	7

773230	647082	7
773230	647150	7

773230	647150	7
773230	647183	7

773230	647183	7
773230	647234	7

773230	647234	7
773230	647279	7

773230	647279	7
773230	647279	7

773230	647279	7
773230	647290	7

773230	647290	7
773294	647286	7

773230	647234	7
773217	647243	7

773217	647243	7
773217	647243	7

773217	647243	7
773181	647268	7

773181	647268	7
773220	647659	7

773230	647150	7
773243	647155	7

773243	647155	7
773243	647155	7

773243	647155	7
773400	647209	7

774913	646730	8
774611	646385	8

774611	646385	8
774585	646357	8

774585	646357	8
774566	646324	8

774566	646324	8
774547	646293	8

774547	646293	8
774480	646136	8

774480	646136	8
774502	646121	8

774502	646121	8
774502	646121	8

774502	646121	8
774653	646014	8

774653	646014	8
774613	645965	8

774613	645965	8
774635	645944	8

774635	645944	8
774749	645891	8

774749	645891	8
774815	645884	8

774815	645884	8
774847	645888	8

774847	645888	8
774885	645893	8

774885	645893	8
774951	645918	8

774951	645918	8
775008	645958	8

775008	645958	8
775055	646013	8

775055	646013	8
775088	646078	8

775088	646078	8
775102	646144	8

775102	646144	8
775105	646182	8

775105	646182	8
775101	646218	8

775101	646218	8
775082	646287	8

774613	645965	8
774505	645871	8

774653	646014	8
774699	646098	8

774699	646098	8
774717	646135	8

774717	646135	8
774738	646206	8

774738	646206	8
774757	646234	8

774480	646136	8
774444	646092	8

774444	646092	8
774413	646063	8

774413	646063	8
774315	646003	8

774315	646003	8
774280	645983	8

774280	645983	8
774150	645845	8

774150	645845	8
774150	645845	8

774150	645845	8
774111	645786	8

774111	645786	8
774111	645786	8

774111	645786	8
774100	645769	8

774100	645769	8
774107	645769	8

774107	645769	8
774114	645769	8

774114	645769	8
774121	645769	8

774121	645769	8
774128	645769	8

774128	645769	8
774135	645769	8

774135	645769	8
774142	645769	8

774142	645769	8
774149	645769	8

774444	646092	8
774420	646110	8

774420	646110	8
774416	646106	8

774416	646106	8
774416	646106	8

774416	646106	8
774399	646090	8

774611	646385	8
774702	646445	8

774702	646445	8
774737	646453	8

775892	647373	9
776014	647429	9

776014	647429	9
776020	647414	9

776020	647414	9
776020	647414	9

776020	647414	9
776071	647286	9

776071	647286	9
776100	647205	9

776100	647205	9
776145	647084	9

776145	647084	9
776171	647021	9

776171	647021	9
775919	646986	9

776014	647429	9
776063	647447	9

776063	647447	9
776153	647483	9

776153	647483	9
776159	647467	9

776159	647467	9
776159	647467	9

776159	647467	9
776209	647339	9

776209	647339	9
776239	647257	9

776239	647257	9
776280	647148	9

776280	647148	9
776310	647076	9

776310	647076	9
776310	647076	9

776310	647076	9
776310	647075	9

776310	647075	9
776410	646940	9

776410	646940	9
776500	646899	9

776153	647483	9
776136	647528	9

776153	647483	9
776200	647501	9

776200	647501	9
776293	647536	9

776293	647536	9
776308	647541	9

776308	647541	9
776308	647541	9

776308	647541	9
776341	647556	9

776341	647556	9
776358	647561	9

776358	647561	9
776336	647613	9

776358	647561	9
776430	647589	9

776430	647589	9
776580	647643	9

776580	647643	9
776631	647606	9

776631	647606	9
776726	647533	9

776430	647589	9
776452	647535	9

776293	647536	9
776324	647450	9

776324	647450	9
776331	647415	9

776331	647415	9
776342	647388	9

776342	647388	9
776380	647286	9

776014	647429	9
775998	647477	9

772100	647200	10
771980	647220	10

771980	647220	10
771939	647227	10

771939	647227	10
771939	647227	10

771939	647227	10
770293	647441	10

770293	647441	10
769940	647420	10

769940	647420	10
769940	647446	10

769940	647446	10
769940	647446	10

769940	647446	10
769940	647482	10

769940	647482	10
769611	647948	10

771980	647220	10
771945	647100	10

776726	647533	11
776783	647487	11

776783	647487	11
776833	647452	11

776833	647452	11
776977	647344	11

776977	647344	11
777026	647305	11

777026	647305	11
777050	647287	11

777050	647287	11
777049	647287	11

777049	647287	11
777118	647237	11

777118	647237	11
777098	647225	11

777098	647225	11
777098	647225	11

777098	647225	11
776972	647153	11

776972	647153	11
776909	647118	11

776909	647118	11
776882	647093	11

776882	647093	11
776826	647075	11

776826	647075	11
776810	647164	11

776810	647164	11
776616	647137	11

776616	647137	11
776618	647131	11

776616	647137	11
776605	647136	11

776616	647137	11
776606	647163	11

776810	647164	11
776834	647167	11

776810	647164	11
776799	647249	11

776826	647075	11
776722	647054	11

776722	647054	11
776620	647056	11

777118	647237	11
777128	647229	11

777118	647237	11
777126	647242	11

777126	647242	11
777153	647265	11

777153	647265	11
777174	647290	11

777174	647290	11
777277	647420	11

777277	647420	11
777360	647531	11

777026	647305	11
777094	647419	11

777094	647419	11
777130	647480	11

777130	647480	11
777123	647486	11

777123	647486	11
777093	647502	11

777093	647502	11
777030	647528	11

777130	647480	11
777193	647589	11

777193	647589	11
777215	647622	11

776783	647487	11
776720	647383	11

776720	647383	11
776685	647323	11

776685	647323	11
776689	647319	11

776689	647319	11
776689	647319	11

776689	647319	11
776701	647306	11

776726	647533	11
776783	647628	11

776783	647628	11
776796	647650	11

776796	647650	11
776733	647668	11

776733	647668	11
776739	647677	11

776739	647677	11
776739	647677	11

776739	647677	11
776784	647744	11

776726	647533	11
776678	647455	11

769940	647420	12
769938	647402	12

769938	647402	12
769938	647402	12

769938	647402	12
769910	647130	12

769910	647130	12
769891	647123	12

769891	647123	12
769891	647123	12

769891	647123	12
769490	646980	12

769490	646980	12
769070	646050	12

769070	646050	12
768944	645807	12

768944	645807	12
769043	645745	12

769043	645745	12
769043	645745	12

769043	645745	12
769067	645730	12

769067	645730	12
769074	645730	12

769074	645730	12
769081	645730	12

769081	645730	12
769088	645730	12

769070	646050	12
769060	646056	12

769060	646056	12
769060	646056	12

769060	646056	12
768703	646267	12

768703	646267	12
768690	646283	12

768690	646283	12
768690	646283	12

768690	646283	12
768659	646320	12

768703	646267	12
768694	646257	12

768694	646257	12
768694	646257	12

768694	646257	12
768644	646203	12

769910	647130	12
769920	647099	12

771945	647100	13
771945	647100	13

771945	647100	13
771620	646110	13

771620	646110	13
771680	645900	13

771680	645900	13
771600	645650	13

771600	645650	13
771600	645623	13

771600	645623	13
771600	645500	13

771600	645500	13
771940	644592	13

771600	645623	13
771617	645622	13

771617	645622	13
771617	645622	13

771617	645622	13
771700	645619	13

771600	645650	13
771577	645652	13

771577	645652	13
771577	645652	13

771577	645652	13
771473	645660	13

771473	645660	13
771465	645660	13

768644	646203	14
768415	645873	14

768415	645873	14
768415	645873	14

768415	645873	14
768350	645779	14

768415	645873	14
768377	645901	14

768644	646203	14
768604	646253	14

768604	646253	14
768604	646253	14

768604	646253	14
768457	646527	14

768457	646527	14
767845	646847	14

767845	646847	14
767758	646892	14

767758	646892	14
767700	646923	14

767700	646923	14
767374	646750	14

767374	646750	14
767239	646679	14

767374	646750	14
767370	646800	14

767758	646892	14
767957	647235	14

767845	646847	14
767891	646915	14

771940	644592	15
772080	644220	15

772080	644220	15
772050	644140	15

772050	644140	15
771870	643640	15

771870	643640	15
771440	643240	15

771440	643240	15
771451	643232	15

771451	643232	15
771451	643232	15

771451	643232	15
771990	642829	15

772050	644140	15
772063	644139	15

772063	644139	15
772062	644139	15

772062	644139	15
772379	644173	15

771940	644592	15
771952	644598	15

771952	644598	15
771952	644598	15

771952	644598	15
772000	644619	15

767957	647235	16
767953	647322	16

767953	647322	16
768047	647984	16

768047	647984	16
767662	648116	16

767662	648116	16
767580	648283	16

767580	648283	16
767345	648266	16

767345	648266	16
767338	648465	16

767345	648266	16
767262	648260	16

767262	648260	16
767220	648275	16

767262	648260	16
767002	647943	16

767580	648283	16
767593	648299	16

768047	647984	16
768063	648103	16

768063	648103	16
767999	648224	16

767953	647322	16
768095	647334	16

771440	643240	17
771411	643210	17

771411	643210	17
771382	643207	17

771382	643207	17
771382	643207	17

771382	643207	17
771160	643184	17

771160	643184	17
771123	643178	17

771123	643178	17
770776	643119	17

770776	643119	17
770773	643030	17

771123	643178	17
771122	643180	17

771122	643180	17
771120	643194	17

771120	643194	17
771119	643201	17

771119	643201	17
771118	643215	17

771118	643215	17
771117	643222	17

771117	643222	17
771116	643229	17

771116	643229	17
771115	643236	17

771115	643236	17
771114	643243	17

771114	643243	17
771114	643245	17

771114	643245	17
771114	643250	17

771114	643250	17
771113	643252	17

771113	643252	17
771113	643257	17

771113	643257	17
771112	643259	17

771112	643259	17
771112	643264	17

771112	643264	17
771112	643266	17

771112	643266	17
771111	643271	17

771111	643271	17
771111	643273	17

771111	643273	17
771110	643278	17

771160	643184	17
771147	643091	17

771147	643091	17
771072	642921	17

771072	642921	17
771120	642872	17

771120	642872	17
771288	642817	17

771288	642817	17
771451	642814	17

771451	642814	17
771318	642468	17

771451	642814	17
771457	642814	17

771072	642921	17
770897	642529	17

771411	643210	17
771348	643145	17

771348	643145	17
771348	643145	17

771348	643145	17
771334	643131	17

772379	644173	18
772383	644206	18

772383	644206	18
773197	644211	18

773197	644211	18
773262	643624	18

773262	643624	18
773278	643548	18

773262	643624	18
773332	643602	18

773332	643602	18
773305	643489	18

773305	643489	18
773353	643408	18

773353	643408	18
773213	643079	18

773213	643079	18
773213	643079	18

773213	643079	18
773248	642953	18

773248	642953	18
773272	642863	18

773248	642953	18
773252	642955	18

773252	642955	18
773253	642955	18

773253	642955	18
773342	642986	18

773197	644211	18
773272	644211	18

772379	644173	18
772394	644175	18

772394	644175	18
772405	644119	18

772405	644119	18
772405	644126	18

772405	644126	18
772405	644133	18

772405	644133	18
772405	644140	18

772405	644140	18
772406	644154	18

770776	643119	19
769593	642899	19

769593	642899	19
769537	642888	19

769593	642899	19
769592	642854	19

769592	642854	19
769525	642861	19

769525	642861	19
768660	643561	19

768660	643561	20
768302	643851	20

768302	643851	20
767585	644262	20

768660	643561	20
767927	643139	20

767927	643139	20
767876	643224	20

767927	643139	20
767802	643071	20

767802	643071	20
767666	642995	20

767666	642995	20
766524	642963	20

767802	643071	20
767800	643075	20

