776320	645400	0
776323	645413	0

776323	645413	0
776323	645372	0

776323	645372	0
776326	645366	0

776326	645366	0
776338	645333	0

776338	645333	0
776278	645310	0

776278	645310	0
776278	645310	0

776278	645310	0
776245	645298	0

776245	645298	0
776211	645286	0

776211	645286	0
776193	645248	0

776193	645248	0
776226	645160	0

776226	645160	0
776220	645133	0

776220	645133	0
776269	645004	0

776269	645004	0
776416	644872	0

776416	644872	0
776485	644864	0

776485	644864	0
776518	644856	0

776518	644856	0
776676	644844	0

776676	644844	0
776731	644857	0

776731	644857	0
776790	644887	0

776790	644887	0
776824	644903	0

776824	644903	0
776856	644918	0

776856	644918	0
776856	644918	0

776856	644918	0
777077	645021	0

777077	645021	0
777268	645110	0

776824	644903	0
776826	644893	0

776826	644893	0
776822	644870	0

776822	644870	0
776822	644870	0

776822	644870	0
776810	644840	0

776810	644840	0
776828	644840	0

776828	644840	0
776828	644840	0

776828	644840	0
776862	644842	0

777268	645110	1
777270	645160	1

777270	645160	1
777271	645177	1

777270	645160	1
777657	645340	1

777657	645340	1
777685	645364	1

777270	645160	1
777231	645141	1

777231	645141	1
776764	644922	1

777268	645110	1
777264	645097	1

777264	645097	1
777264	645097	1

777264	645097	1
777242	644852	1

777268	645110	1
777411	645174	1

777411	645174	1
777477	645209	1

777477	645209	1
777518	645228	1

776810	644840	2
776710	644630	2

776710	644630	2
776680	644540	2

776680	644540	2
776670	644538	2

776670	644538	2
776671	644538	2

776671	644538	2
776525	644513	2

776525	644513	2
776469	644479	2

776469	644479	2
776464	644491	2

776464	644491	2
776464	644491	2

776464	644491	2
776420	644589	2

776469	644479	2
776404	644439	2

776680	644540	2
776600	644320	2

776600	644320	2
776659	644283	2

776659	644283	2
776680	644270	2

776680	644270	2
776686	644088	2

776686	644088	2
776740	644061	2

776740	644061	2
776731	644046	2

776731	644046	2
776731	644046	2

776731	644046	2
776728	644038	2

776740	644061	2
776846	644008	2

776600	644320	2
776605	644306	2

776605	644306	2
776605	644306	2

776605	644306	2
776620	644260	2

776710	644630	2
776701	644635	2

776701	644635	2
776701	644635	2

776701	644635	2
776624	644674	2

776624	644674	2
776617	644660	2

776617	644660	2
776617	644660	2

776617	644660	2
776600	644625	2

776600	644625	2
776537	644658	2

776624	644674	2
776534	644719	2

777242	644852	3
777236	644773	3

777236	644773	3
777226	644673	3

777226	644673	3
777214	644641	3

777214	644641	3
777217	644630	3

777217	644630	3
777217	644630	3

777217	644630	3
777294	644451	3

777294	644451	3
777323	644408	3

777323	644408	3
777323	644408	3

777323	644408	3
777326	644404	3

777294	644451	3
777292	644428	3

777292	644428	3
777264	644417	3

777264	644417	3
777264	644417	3

777264	644417	3
777237	644405	3

777237	644405	3
777154	644369	3

777154	644369	3
777089	644340	3

777089	644340	3
777188	644109	3

777188	644109	3
777138	644087	3

777089	644340	3
777081	644357	3

777089	644340	3
777027	644312	3

777236	644773	3
777206	644766	3

777206	644766	3
777206	644766	3

777206	644766	3
777074	644707	3

777074	644707	3
776986	644669	3

776986	644669	3
776870	644619	3

777518	645228	4
777581	645257	4

777581	645257	4
777618	645273	4

777618	645273	4
777618	645273	4

777618	645273	4
777633	645280	4

777633	645280	4
777641	645274	4

777641	645274	4
777641	645274	4

777641	645274	4
777667	645255	4

777633	645280	4
777650	645288	4

777650	645288	4
777683	645306	4

777683	645306	4
777686	645309	4

777686	645309	4
777686	645309	4

777686	645309	4
777700	645322	4

777700	645322	4
777708	645313	4

777708	645313	4
777708	645313	4

777708	645313	4
777773	645246	4

777773	645246	4
777754	645226	4

777773	645246	4
777779	645252	4

777773	645246	4
777790	645229	4

777790	645229	4
777875	645135	4

777875	645135	4
777876	645135	4

777876	645135	4
777940	645065	4

777940	645065	4
777940	645065	4

777940	645065	4
777965	645043	4

777965	645043	4
777991	645013	4

777700	645322	4
777889	645492	4

777518	645228	4
777541	645177	4

777541	645177	4
777541	645178	4

777541	645178	4
777543	645165	4

777543	645165	4
777604	645192	4

777604	645192	4
777590	645011	4

777543	645165	4
777494	645142	4

777494	645142	4
777484	645043	4

777484	645043	4
777484	645016	4

777484	645016	4
777468	644823	4

777543	645165	4
777547	645138	4

777547	645138	4
777540	645065	4

776404	644439	5
776340	644400	5

776340	644400	5
776343	644393	5

776343	644393	5
776343	644393	5

776343	644393	5
776411	644213	5

776411	644213	5
776400	644060	5

776400	644060	5
776409	644055	5

776409	644055	5
776409	644055	5

776409	644055	5
776447	644034	5

776400	644060	5
776363	643777	5

776363	643777	5
776395	643610	5

776395	643610	5
776402	643618	5

776402	643618	5
776402	643618	5

776402	643618	5
776426	643646	5

776395	643610	5
776438	643526	5

776438	643526	5
776453	643531	5

776453	643531	5
776453	643531	5

776453	643531	5
776651	643594	5

776651	643594	5
776650	643599	5

776411	644213	5
776420	644198	5

776420	644198	5
776420	644198	5

776420	644198	5
776460	644132	5

776340	644400	5
776325	644387	5

776325	644387	5
776325	644387	5

776325	644387	5
776308	644373	5

776308	644373	5
776304	644387	5

776304	644387	5
776304	644387	5

776304	644387	5
776264	644539	5

776264	644539	5
776257	644539	5

776257	644539	5
776250	644539	5

776250	644539	5
776244	644537	5

776404	644439	5
776399	644452	5

776399	644452	5
776399	644452	5

776399	644452	5
776300	644709	5

776300	644709	5
776298	644716	5

776298	644716	5
776291	644736	5

777991	645013	6
777918	644940	6

777918	644940	6
777847	644868	6

777847	644868	6
777839	644860	6

777918	644940	6
777889	644972	6

777991	645013	6
778095	645120	6

778095	645120	6
778124	645151	6

778095	645120	6
778206	645014	6

778206	645014	6
778251	644967	6

778251	644967	6
778251	644967	6

778251	644967	6
778264	644956	6

778264	644956	6
778252	644941	6

778252	644941	6
778231	644917	6

778231	644917	6
778231	644917	6

778231	644917	6
778193	644875	6

778193	644875	6
778177	644855	6

778177	644855	6
778143	644813	6

778143	644813	6
778113	644780	6

778143	644813	6
778133	644821	6

778133	644821	6
778115	644844	6

778115	644844	6
778083	644871	6

778143	644813	6
778246	644724	6

778177	644855	6
778345	644712	6

778345	644712	6
778355	644732	6

778252	644941	6
778396	644812	6

778396	644812	6
778410	644840	6

778264	644956	6
778272	644967	6

778272	644967	6
778296	644993	6

778296	644993	6
778296	644993	6

777991	645013	6
778060	644941	6

777889	645492	7
778008	645600	7

778008	645600	7
778185	645758	7

778185	645758	7
778185	645758	7

778185	645758	7
778201	645774	7

778008	645600	7
777969	645638	7

778008	645600	7
778013	645596	7

778013	645596	7
778029	645573	7

778029	645573	7
778029	645573	7

778029	645573	7
778061	645538	7

778061	645538	7
777918	645394	7

777918	645394	7
777779	645251	7

777918	645394	7
777952	645354	7

777952	645354	7
777952	645355	7

777952	645355	7
777992	645310	7

777992	645310	7
778082	645220	7

778082	645220	7
778138	645166	7

778138	645166	7
778124	645151	7

778138	645166	7
778155	645150	7

778138	645166	7
778199	645230	7

777918	645394	7
777911	645403	7

778061	645538	7
778094	645503	7

778094	645503	7
778179	645410	7

778179	645410	7
778264	645318	7

776308	644373	8
775781	643927	8

775781	643927	8
776030	645019	8

778113	644780	9
778072	644733	9

778072	644733	9
778050	644707	9

778050	644707	9
778050	644707	9

778050	644707	9
778041	644691	9

778041	644691	9
778005	644706	9

778005	644706	9
777978	644732	9

777978	644732	9
777973	644728	9

777978	644732	9
778016	644771	9

777978	644732	9
777923	644787	9

778005	644706	9
777906	644611	9

778041	644691	9
778036	644682	9

778041	644691	9
778056	644685	9

778056	644685	9
778006	644634	9

778072	644733	9
778085	644722	9

778085	644722	9
778085	644722	9

778085	644722	9
778178	644639	9

778178	644639	9
778302	644536	9

778302	644536	9
778317	644541	9

778317	644541	9
778317	644541	9

778317	644541	9
778352	644555	9

778352	644555	9
778469	644601	9

778469	644601	9
778467	644604	9

778467	644604	9
778467	644604	9

778467	644604	9
778462	644618	9

778352	644555	9
778346	644582	9

778302	644536	9
778310	644524	9

778310	644524	9
778310	644524	9

778310	644524	9
778329	644501	9

778329	644501	9
778322	644499	9

778302	644536	9
778250	644515	9

778250	644515	9
778193	644496	9

778193	644496	9
778137	644545	9

778137	644545	9
778082	644592	9

778082	644592	9
778071	644619	9

778071	644619	9
778052	644620	9

778052	644620	9
778052	644620	9

778052	644620	9
778024	644621	9

778250	644515	9
778180	644580	9

778113	644780	9
778190	644713	9

778296	644993	10
778317	645018	10

778317	645018	10
778336	645007	10

778336	645007	10
778452	644906	10

778452	644906	10
778454	644904	10

778454	644904	10
778454	644904	10

778454	644904	10
778462	644896	10

778462	644896	10
778492	644790	10

778492	644790	10
778507	644721	10

778507	644721	10
778519	644699	10

778519	644699	10
778549	644710	10

778549	644710	10
778577	644721	10

778577	644721	10
778538	644880	10

778538	644880	10
778506	644998	10

778506	644998	10
778499	645009	10

778499	645009	10
778567	645028	10

778567	645028	10
778624	645041	10

778624	645041	10
778658	644899	10

778624	645041	10
778644	645044	10

778644	645044	10
778685	645058	10

778685	645058	10
778715	644934	10

778567	645028	10
778606	644886	10

778549	644710	10
778553	644698	10

778553	644698	10
778553	644698	10

778553	644698	10
778559	644675	10

778452	644906	10
778453	644931	10

778317	645018	10
778334	645039	10

778334	645039	10
778400	645114	10

778400	645114	10
778483	645210	10

778201	645774	11
778214	645786	11

778214	645786	11
778214	645786	11

778214	645786	11
778263	645829	11

778263	645829	11
778270	645820	11

778270	645820	11
778270	645821	11

778270	645821	11
778288	645795	11

778263	645829	11
778318	645878	11

778318	645878	11
778406	645958	11

778406	645958	11
778457	646004	11

778457	646004	11
778635	646333	11

778457	646004	11
778489	646025	11

778489	646025	11
778505	646030	11

778201	645774	11
778189	645809	11

778189	645809	11
778181	645828	11

778181	645828	11
778168	645894	11

778168	645894	11
778157	645914	11

778157	645914	11
778141	645929	11

778141	645929	11
778130	645938	11

778141	645929	11
778136	645922	11

778141	645929	11
778136	645922	11

778141	645929	11
778130	645938	11

778141	645929	11
778170	645964	11

778170	645964	11
778208	646014	11

778208	646014	11
778213	646010	11

778208	646014	11
778284	646111	11

778284	646111	11
778307	646140	11

778307	646140	11
778339	646182	11

778339	646182	11
778374	646225	11

778374	646225	11
778438	646312	11

778374	646225	11
778427	646183	11

778339	646182	11
778406	646133	11

778307	646140	11
778294	646148	11

778294	646148	11
778294	646148	11

778294	646148	11
778271	646165	11

778189	645809	11
778118	645749	11

778201	645774	11
778205	645760	11

778205	645760	11
778205	645760	11

778205	645760	11
778249	645621	11

778249	645621	11
778257	645595	11

778257	645595	11
778287	645601	11

775781	643927	12
775230	643450	12

775230	643450	12
775011	643258	12

775011	643258	12
775018	643251	12

775018	643251	12
775018	643251	12

775018	643251	12
775040	643229	12

775011	643258	12
774900	643160	12

774900	643160	12
774886	643148	12

774886	643148	12
774886	643148	12

774886	643148	12
774780	643059	12

775230	643450	12
775218	643460	12

775218	643460	12
775218	643460	12

775218	643460	12
774660	643919	12

778406	645958	13
778419	645942	13

778419	645942	13
778419	645942	13

778419	645942	13
778426	645916	13

778426	645916	13
778445	645840	13

778445	645840	13
778429	645824	13

778429	645824	13
778429	645824	13

778429	645824	13
778380	645769	13

778380	645769	13
778362	645756	13

778362	645756	13
778354	645742	13

778354	645742	13
778356	645734	13

778356	645734	13
778399	645575	13

778399	645575	13
778385	645569	13

778399	645575	13
778450	645592	13

778450	645592	13
778474	645523	13

778399	645575	13
778423	645489	13

778423	645489	13
778460	645356	13

778460	645356	13
778469	645322	13

778469	645322	13
778496	645225	13

778496	645225	13
778508	645240	13

778496	645225	13
778502	645201	13

778496	645225	13
778483	645210	13

778356	645734	13
778348	645734	13

778348	645734	13
778341	645736	13

778341	645736	13
778342	645736	13

778342	645736	13
778328	645742	13

778445	645840	13
778449	645820	13

778449	645820	13
778481	645674	13

778449	645820	13
778480	645841	13

778480	645841	13
778509	645866	13

778509	645866	13
778523	645857	13

778523	645857	13
778523	645857	13

778523	645857	13
778540	645846	13

778509	645866	13
778551	645922	13

778551	645922	13
778604	645879	13

778604	645879	13
778587	645852	13

778604	645879	13
778612	645873	13

778604	645879	13
778611	645889	13

778551	645922	13
778590	645977	13

778590	645977	13
778613	646004	13

778613	646004	13
778601	646014	13

778601	646014	13
778601	646014	13

778601	646014	13
778586	646027	13

778208	646014	14
778135	646070	14

778135	646070	14
778145	646083	14

778145	646083	14
778145	646083	14

778145	646083	14
778224	646189	14

778224	646189	14
778317	646318	14

778135	646070	14
778050	646133	14

778050	646133	14
778061	646148	14

778061	646148	14
778061	646148	14

778061	646148	14
778138	646251	14

778138	646251	14
778243	646387	14

778243	646387	14
778343	646516	14

778050	646133	14
778039	646119	14

778050	646133	14
777929	646217	14

777929	646217	14
777856	646273	14

778135	646070	14
778094	646025	14

778094	646025	14
777970	645875	14

778438	646312	15
778533	646439	15

778533	646439	15
778543	646452	15

778533	646439	15
778579	646404	15

778579	646404	15
778579	646404	15

778579	646404	15
778649	646352	15

778649	646352	15
778635	646333	15

778649	646352	15
778655	646359	15

778649	646352	15
778660	646344	15

778660	646344	15
778715	646302	15

778715	646302	15
778727	646318	15

778715	646302	15
778690	646263	15

778715	646302	15
778757	646273	15

778757	646273	15
778797	646241	15

778797	646241	15
778879	646180	15

778879	646180	15
778891	646196	15

778879	646180	15
778923	646147	15

778923	646147	15
778959	646119	15

778959	646119	15
779041	646057	15

779041	646057	15
779047	646066	15

779041	646057	15
779059	646045	15

779059	646045	15
779123	645997	15

779123	645997	15
779163	645967	15

779163	645967	15
779163	645967	15

779163	645967	15
779204	645935	15

779123	645997	15
779127	646002	15

779123	645997	15
779110	645979	15

779110	645979	15
779110	645979	15

779110	645979	15
779024	645863	15

779024	645863	15
778989	645820	15

778989	645820	15
778998	645814	15

778998	645814	15
778998	645814	15

778998	645814	15
779027	645791	15

778989	645820	15
778970	645794	15

778959	646119	15
778967	646129	15

778959	646119	15
778870	645995	15

778879	646180	15
778788	646061	15

778797	646241	15
778736	646159	15

778736	646159	15
778750	646149	15

778736	646159	15
778684	646200	15

778736	646159	15
778711	646126	15

778797	646241	15
778828	646285	15

779041	646057	16
779028	646040	16

779028	646040	16
779028	646040	16

779028	646040	16
778945	645925	16

778945	645925	16
778859	645814	16

778859	645814	16
778766	645690	16

778766	645690	16
778780	645636	16

778780	645636	16
778804	645545	16

778804	645545	16
778836	645429	16

778836	645429	16
778865	645308	16

778865	645308	16
778894	645194	16

778894	645194	16
778920	645206	16

778920	645206	16
778920	645206	16

778920	645206	16
779040	645259	16

778894	645194	16
778925	645073	16

778925	645073	16
778936	645033	16

778936	645033	16
778936	645033	16

778936	645033	16
778941	644982	16

778780	645636	16
778754	645624	16

778754	645624	16
778727	645647	16

778727	645647	16
778697	645664	16

778766	645690	16
778744	645788	16

778859	645814	16
778743	645911	16

778859	645814	16
778902	645783	16

778902	645783	16
778941	645751	16

778945	645925	16
778947	645928	16

779204	645935	17
779183	645906	17

779183	645906	17
779172	645915	17

779172	645915	17
779172	645915	17

779172	645915	17
779155	645927	17

779183	645906	17
779162	645878	17

779162	645878	17
779162	645878	17

779162	645878	17
779145	645856	17

779145	645856	17
779134	645862	17

779145	645856	17
779157	645846	17

779157	645846	17
779112	645786	17

779112	645786	17
779105	645791	17

779112	645786	17
779068	645725	17

779068	645725	17
779139	645673	17

779139	645673	17
779204	645623	17

779204	645623	17
779211	645632	17

779204	645623	17
779262	645578	17

779262	645578	17
779287	645558	17

779287	645558	17
779286	645558	17

779286	645558	17
779328	645525	17

779328	645525	17
779306	645512	17

779306	645512	17
779273	645485	17

779328	645525	17
779389	645485	17

779389	645485	17
779272	645382	17

779262	645578	17
779222	645525	17

779222	645525	17
779136	645415	17

779136	645415	17
779136	645415	17

779136	645415	17
779122	645387	17

779122	645387	17
779120	645365	17

779120	645365	17
779009	645324	17

779122	645387	17
779117	645423	17

779117	645423	17
779107	645443	17

779107	645443	17
778929	645386	17

779204	645623	17
779188	645601	17

779112	645786	17
779208	645715	17

779145	645856	17
779140	645850	17

779204	645935	17
779242	645984	17

779242	645984	17
779265	645968	17

779265	645968	17
779265	645968	17

779265	645968	17
779330	645920	17

779330	645920	17
779390	645874	17

779390	645874	17
779338	645801	17

779330	645920	17
779316	645900	17

779316	645900	17
779304	645912	17

779304	645912	17
779304	645912	17

779304	645912	17
779286	645928	17

779316	645900	17
779294	645871	17

779294	645871	17
779250	645812	17

779242	645984	17
779233	645991	17

779233	645991	17
779233	645991	17

779233	645991	17
779212	646008	17

778804	645545	18
778799	645542	18

778799	645542	18
778799	645542	18

778799	645542	18
778787	645537	18

778787	645537	18
778779	645525	18

778779	645525	18
778726	645563	18

778726	645563	18
778659	645479	18

778659	645479	18
778646	645511	18

778646	645511	18
778626	645583	18

778659	645479	18
778636	645449	18

778636	645449	18
778636	645449	18

778636	645449	18
778608	645424	18

778608	645424	18
778592	645419	18

778592	645419	18
778590	645425	18

778592	645419	18
778569	645410	18

778592	645419	18
778613	645333	18

778613	645333	18
778651	645190	18

778726	645563	18
778668	645607	18

778668	645607	18
778607	645649	18

778607	645649	18
778579	645673	18

778579	645673	18
778565	645654	18

778607	645649	18
778607	645651	18

778668	645607	18
778667	645607	18

778779	645525	18
778745	645479	18

778745	645479	18
778748	645450	18

778748	645450	18
778827	645149	18

778745	645479	18
778698	645419	18

778698	645419	18
778675	645392	18

778675	645392	18
778745	645116	18

778941	644982	19
778958	644984	19

778958	644984	19
778958	644984	19

778958	644984	19
779005	644993	19

778941	644982	19
778954	644872	19

778954	644872	19
778966	644818	19

778966	644818	19
778970	644774	19

778970	644774	19
778970	644774	19

778970	644774	19
778970	644764	19

778970	644764	19
778966	644699	19

778966	644699	19
778970	644680	19

778970	644680	19
778991	644688	19

778991	644688	19
778991	644688	19

778991	644688	19
779340	644815	19

779340	644815	19
779380	644748	19

779380	644748	19
779420	644680	19

779420	644680	19
779423	644663	19

779423	644663	19
779423	644663	19

779423	644663	19
779430	644619	19

779420	644680	19
779712	644558	19

779712	644558	19
779713	644578	19

779713	644578	19
779713	644578	19

779713	644578	19
779720	644719	19

779712	644558	19
779780	644529	19

779380	644748	19
779368	644745	19

779368	644745	19
779368	644745	19

779368	644745	19
779340	644739	19

778970	644680	19
779014	644490	19

778966	644818	19
778954	644816	19

778954	644816	19
778954	644816	19

778954	644816	19
778933	644812	19

779014	644490	20
779003	644482	20

779003	644482	20
779003	644482	20

779003	644482	20
778979	644464	20

779014	644490	20
779021	644456	20

779021	644456	20
779053	644465	20

779053	644465	20
779053	644465	20

779053	644465	20
779190	644499	20

779021	644456	20
779047	644335	20

779047	644335	20
779081	644343	20

779081	644343	20
779081	644343	20

779081	644343	20
779230	644399	20

779047	644335	20
779095	644130	20

779095	644130	20
779103	644096	20

779103	644096	20
779200	643860	20

779200	643860	20
779275	643819	20

779275	643819	20
779275	643819	20

779275	643819	20
779300	643805	20

779300	643805	20
779306	643776	20

779306	643776	20
779306	643776	20

779306	643776	20
779340	643600	20

779340	643600	20
779520	643609	20

779300	643805	20
779390	643789	20

779095	644130	20
779077	644126	20

779077	644126	20
779077	644126	20

779077	644126	20
779060	644149	20

