776320	645400	0
776323	645413	0

776323	645413	0
776338	645377	0

776338	645377	0
776350	645350	0

776350	645350	0
776385	645364	0

776385	645364	0
776385	645364	0

776385	645364	0
776438	645384	0

776438	645384	0
776460	645394	0

776460	645394	0
776512	645416	0

776512	645416	0
776552	645436	0

776552	645436	0
776544	645447	0

776544	645447	0
776544	645447	0

776544	645447	0
776522	645473	0

776552	645436	0
776618	645471	0

776618	645471	0
776647	645488	0

776647	645488	0
776632	645492	0

776632	645492	0
776632	645492	0

776647	645488	0
776701	645517	0

776701	645517	0
776732	645536	0

776732	645536	0
776759	645554	0

776759	645554	0
776744	645605	0

776701	645517	0
776696	645526	0

776696	645526	0
776696	645526	0

776696	645526	0
776675	645564	0

776512	645416	0
776516	645406	0

776516	645406	0
776516	645406	0

776516	645406	0
776550	645319	0

776438	645384	0
776433	645396	0

776433	645396	0
776433	645396	0

776433	645396	0
776419	645429	0

776632	645492	1
776611	645529	1

776611	645529	1
776603	645524	1

776603	645524	1
776603	645524	1

776603	645524	1
776583	645512	1

776611	645529	1
776550	645634	1

776550	645634	1
776531	645668	1

776531	645668	1
776495	645739	1

776495	645739	1
776341	645662	1

776341	645662	1
776334	645681	1

776341	645662	1
776331	645658	1

776341	645662	1
776347	645651	1

776347	645651	1
776376	645598	1

776376	645598	1
776378	645593	1

776378	645593	1
776378	645593	1

776378	645593	1
776385	645578	1

776495	645739	1
776476	645778	1

776476	645778	1
776568	645825	1

776531	645668	1
776576	645689	1

776759	645554	2
776872	645641	2

776872	645641	2
776894	645659	2

776894	645659	2
776902	645650	2

776902	645650	2
776902	645641	2

776902	645641	2
776902	645641	2

776902	645641	2
776899	645601	2

776894	645659	2
776885	645667	2

776885	645667	2
776885	645667	2

776885	645667	2
776869	645682	2

776869	645682	2
776852	645728	2

776852	645728	2
776871	645738	2

776871	645738	2
776891	645756	2

776891	645756	2
776895	645750	2

776895	645750	2
776895	645750	2

776895	645750	2
776905	645739	2

776891	645756	2
776940	645798	2

776940	645798	2
776940	645798	2

776940	645798	2
776948	645804	2

776852	645728	2
776838	645721	2

776852	645728	2
776845	645750	2

776845	645750	2
776823	645901	2

776823	645901	2
776802	646050	2

776894	645659	3
776993	645744	3

776993	645744	3
777008	645759	3

777008	645759	3
777008	645759	3

777008	645759	3
777050	645802	3

777050	645802	3
777095	645848	3

777095	645848	3
777088	645854	3

777088	645854	3
777088	645854	3

777088	645854	3
777075	645865	3

777075	645865	3
777082	645875	3

777082	645875	3
777074	645882	3

777075	645865	3
777066	645872	3

777095	645848	3
777160	645924	3

777160	645924	3
777168	645919	3

777168	645919	3
777168	645919	3

777168	645919	3
777175	645915	3

776993	645744	3
776995	645726	3

776995	645726	3
776993	645723	3

776993	645723	3
776993	645723	3

776993	645723	3
776976	645691	3

776976	645691	3
776964	645656	3

776964	645656	3
776981	645648	3

776964	645656	3
776921	645526	3

776921	645526	3
776893	645427	3

776893	645427	3
776892	645426	3

776892	645426	3
776882	645392	3

777160	645924	4
777177	645948	4

777177	645948	4
777192	645968	4

777192	645968	4
777231	646024	4

777231	646024	4
777240	646038	4

777240	646038	4
777212	646058	4

777212	646058	4
777212	646058	4

777212	646058	4
777117	646130	4

777117	646130	4
777069	646166	4

777069	646166	4
777048	646267	4

777117	646130	4
777146	646222	4

777146	646222	4
777156	646251	4

777117	646130	4
777101	646092	4

777101	646092	4
777072	645998	4

777072	645998	4
777058	645969	4

777240	646038	4
777298	646113	4

777048	646267	5
777152	646287	5

777152	646287	5
777152	646297	5

777152	646297	5
777152	646297	5

777152	646297	5
777152	646353	5

777152	646287	5
777202	646300	5

777048	646267	5
777036	646265	5

777036	646265	5
777036	646265	5

777036	646265	5
776964	646249	5

776964	646249	5
776975	646168	5

776975	646168	5
776890	646158	5

776890	646158	5
776872	646156	5

776890	646158	5
776888	646169	5

776890	646158	5
776897	646133	5

776975	646168	5
776984	646130	5

776964	646249	5
776938	646243	5

776964	646249	5
776965	646274	5

776965	646274	5
776945	646400	5

777048	646267	5
777043	646290	5

777043	646290	5
777024	646415	5

777298	646113	6
777445	646308	6

777445	646308	6
777466	646340	6

777466	646340	6
777540	646442	6

777540	646442	6
777540	646442	6

777540	646442	6
777566	646475	6

777566	646475	6
777573	646479	6

777573	646479	6
777590	646473	6

777590	646473	6
777615	646453	6

777615	646453	6
777671	646411	6

777671	646411	6
777607	646325	6

777671	646411	6
777679	646421	6

777671	646411	6
777715	646375	6

777466	646340	6
777490	646321	6

777573	646479	7
777552	646498	7

777552	646498	7
777552	646498	7

777552	646498	7
777526	646518	7

777526	646518	7
777523	646519	7

777523	646519	7
777527	646528	7

777527	646528	7
777527	646528	7

777527	646528	7
777539	646550	7

777523	646519	7
777510	646524	7

777510	646524	7
777466	646516	7

777466	646516	7
777468	646507	7

777468	646507	7
777468	646507	7

777468	646507	7
777477	646460	7

777466	646516	7
777331	646493	7

777331	646493	7
777349	646509	7

777349	646509	7
777407	646588	7

777407	646588	7
777421	646596	7

777421	646596	7
777421	646596	7

777421	646596	7
777451	646614	7

777331	646493	7
777299	646483	7

777299	646483	7
777298	646483	7

777298	646483	7
777263	646481	7

777263	646481	7
777248	646566	7

777573	646479	8
777620	646538	8

777620	646538	8
777662	646593	8

777662	646593	8
777680	646617	8

777680	646617	8
777715	646664	8

777715	646664	8
777705	646670	8

777705	646670	8
777705	646670	8

777705	646670	8
777676	646682	8

777715	646664	8
777731	646685	8

777731	646685	8
777778	646747	8

777778	646747	8
777770	646754	8

777778	646747	8
777787	646760	8

777787	646760	8
777787	646760	8

777787	646760	8
777823	646806	8

777823	646806	8
777839	646827	8

777839	646827	8
777855	646816	8

777855	646816	8
777855	646816	8

777855	646816	8
777923	646769	8

777923	646769	8
778007	646706	8

777839	646827	8
777831	646832	8

777778	646747	8
777803	646732	8

777803	646732	8
777861	646688	8

777263	646481	9
777183	646464	9

777183	646464	9
777154	646459	9

777154	646459	9
777086	646442	9

777086	646442	9
777022	646431	9

777022	646431	9
777016	646430	9

777022	646431	9
777024	646415	9

777022	646431	9
777009	646516	9

777154	646459	9
777139	646542	9

777139	646542	9
777122	646646	9

777122	646646	9
777119	646672	9

777122	646646	9
777184	646659	9

777184	646659	9
777212	646660	9

777183	646464	9
777188	646455	9

777188	646455	9
777188	646455	9

777188	646455	9
777197	646439	9

777839	646827	10
777901	646911	10

777901	646911	10
777926	646945	10

777926	646945	10
777933	646937	10

777933	646937	10
777933	646937	10

777933	646937	10
777944	646926	10

777926	646945	10
777945	646971	10

777945	646971	10
777962	646993	10

777962	646993	10
778013	646957	10

777962	646993	10
777988	647029	10

777988	647029	10
778023	647074	10

778023	647074	10
778073	647038	10

778073	647038	10
778083	647030	10

778083	647030	10
778101	647018	10

778083	647030	10
778080	647025	10

778080	647025	10
778080	647026	10

778080	647026	10
778074	647018	10

778073	647038	10
778063	647037	10

778063	647037	10
778063	647037	10

778063	647037	10
778027	647032	10

778027	647032	10
778020	647032	10

778023	647074	10
777982	647104	10

777901	646911	10
777934	646889	10

