776320	645400	0
776323	645413	0

776323	645413	0
776338	645377	0

776338	645377	0
776350	645350	0

776350	645350	0
776385	645364	0

776385	645364	0
776385	645364	0

776385	645364	0
776438	645384	0

776438	645384	0
776460	645394	0

776460	645394	0
776512	645416	0

776512	645416	0
776552	645436	0

776552	645436	0
776544	645447	0

776544	645447	0
776544	645447	0

776544	645447	0
776522	645473	0

776552	645436	0
776618	645471	0

776618	645471	0
776647	645488	0

776512	645416	0
776516	645406	0

776516	645406	0
776516	645406	0

776516	645406	0
776550	645319	0

776438	645384	0
776433	645396	0

776433	645396	0
776433	645396	0

776433	645396	0
776419	645429	0

776647	645488	1
776632	645492	1

776632	645492	1
776632	645492	1

776632	645492	1
776611	645529	1

776611	645529	1
776603	645524	1

776603	645524	1
776603	645524	1

776603	645524	1
776583	645512	1

776611	645529	1
776550	645634	1

776647	645488	1
776701	645517	1

776701	645517	1
776732	645536	1

776732	645536	1
776759	645554	1

776759	645554	1
776744	645605	1

776759	645554	1
776872	645641	1

776701	645517	1
776696	645526	1

776696	645526	1
776696	645526	1

776696	645526	1
776675	645564	1

776550	645634	2
776531	645668	2

776531	645668	2
776495	645739	2

776495	645739	2
776341	645662	2

776341	645662	2
776334	645681	2

776341	645662	2
776331	645658	2

776341	645662	2
776347	645651	2

776347	645651	2
776376	645598	2

776376	645598	2
776378	645593	2

776378	645593	2
776378	645593	2

776378	645593	2
776385	645578	2

776495	645739	2
776476	645778	2

776476	645778	2
776568	645825	2

776531	645668	2
776576	645689	2

776872	645641	3
776894	645659	3

776894	645659	3
776902	645650	3

776902	645650	3
776902	645641	3

776902	645641	3
776902	645641	3

776902	645641	3
776899	645601	3

776894	645659	3
776993	645744	3

776993	645744	3
776995	645726	3

776995	645726	3
776993	645723	3

776993	645723	3
776993	645723	3

776993	645723	3
776976	645691	3

776976	645691	3
776964	645656	3

776964	645656	3
776981	645648	3

776964	645656	3
776921	645526	3

776921	645526	3
776893	645427	3

776893	645427	3
776892	645426	3

776892	645426	3
776882	645392	3

776993	645744	4
777008	645759	4

777008	645759	4
777008	645759	4

777008	645759	4
777050	645802	4

777050	645802	4
777095	645848	4

777095	645848	4
777088	645854	4

777088	645854	4
777088	645854	4

777088	645854	4
777075	645865	4

777075	645865	4
777082	645875	4

777082	645875	4
777074	645882	4

777075	645865	4
777066	645872	4

777095	645848	4
777160	645924	4

777160	645924	4
777168	645919	4

777168	645919	4
777168	645919	4

777168	645919	4
777175	645915	4

777160	645924	4
777177	645948	4

777177	645948	4
777192	645968	4

777192	645968	4
777231	646024	4

777231	646024	4
777240	646038	4

777240	646038	4
777212	646058	4

777212	646058	4
777212	646058	4

776894	645659	5
776885	645667	5

776885	645667	5
776885	645667	5

776885	645667	5
776869	645682	5

776869	645682	5
776852	645728	5

776852	645728	5
776871	645738	5

776871	645738	5
776891	645756	5

776891	645756	5
776895	645750	5

776895	645750	5
776895	645750	5

776895	645750	5
776905	645739	5

776891	645756	5
776940	645798	5

776940	645798	5
776940	645798	5

776940	645798	5
776948	645804	5

776852	645728	5
776838	645721	5

776852	645728	5
776845	645750	5

776845	645750	5
776823	645901	5

776823	645901	5
776802	646050	5

777212	646058	6
777117	646130	6

777117	646130	6
777069	646166	6

777117	646130	6
777146	646222	6

777146	646222	6
777156	646251	6

777117	646130	6
777101	646092	6

777101	646092	6
777072	645998	6

777072	645998	6
777058	645969	6

777240	646038	7
777298	646113	7

777298	646113	7
777445	646308	7

777445	646308	7
777466	646340	7

777466	646340	7
777540	646442	7

777540	646442	7
777540	646442	7

777466	646340	7
777490	646321	7

777069	646166	8
777048	646267	8

777048	646267	8
777152	646287	8

777152	646287	8
777152	646297	8

777152	646297	8
777152	646297	8

777152	646297	8
777152	646353	8

777152	646287	8
777202	646300	8

777048	646267	8
777036	646265	8

777048	646267	8
777043	646290	8

777043	646290	8
777024	646415	8

777540	646442	9
777566	646475	9

777566	646475	9
777573	646479	9

777573	646479	9
777590	646473	9

777590	646473	9
777615	646453	9

777615	646453	9
777671	646411	9

777671	646411	9
777607	646325	9

777671	646411	9
777679	646421	9

777671	646411	9
777715	646375	9

777573	646479	9
777552	646498	9

777552	646498	9
777552	646498	9

777552	646498	9
777526	646518	9

777526	646518	9
777523	646519	9

777523	646519	9
777527	646528	9

777527	646528	9
777527	646528	9

777527	646528	9
777539	646550	9

777523	646519	9
777510	646524	9

777510	646524	9
777466	646516	9

777466	646516	9
777468	646507	9

777468	646507	9
777468	646507	9

777468	646507	9
777477	646460	9

777036	646265	10
777036	646265	10

777036	646265	10
776964	646249	10

776964	646249	10
776975	646168	10

776975	646168	10
776890	646158	10

776890	646158	10
776872	646156	10

776890	646158	10
776888	646169	10

776890	646158	10
776897	646133	10

776975	646168	10
776984	646130	10

776964	646249	10
776938	646243	10

776964	646249	10
776965	646274	10

776965	646274	10
776945	646400	10

777466	646516	11
777331	646493	11

777331	646493	11
777349	646509	11

777349	646509	11
777407	646588	11

777407	646588	11
777421	646596	11

777421	646596	11
777421	646596	11

777421	646596	11
777451	646614	11

777331	646493	11
777299	646483	11

777299	646483	11
777298	646483	11

777298	646483	11
777263	646481	11

777263	646481	11
777183	646464	11

777183	646464	11
777188	646455	11

777188	646455	11
777188	646455	11

777188	646455	11
777197	646439	11

777263	646481	11
777248	646566	11

777573	646479	12
777620	646538	12

777620	646538	12
777662	646593	12

777662	646593	12
777680	646617	12

777680	646617	12
777715	646664	12

777715	646664	12
777705	646670	12

777705	646670	12
777705	646670	12

777705	646670	12
777676	646682	12

777715	646664	12
777731	646685	12

777731	646685	12
777778	646747	12

777778	646747	12
777770	646754	12

777778	646747	12
777803	646732	12

777803	646732	12
777861	646688	12

777183	646464	13
777154	646459	13

777154	646459	13
777086	646442	13

777086	646442	13
777022	646431	13

777022	646431	13
777016	646430	13

777022	646431	13
777024	646415	13

777022	646431	13
777009	646516	13

777154	646459	13
777139	646542	13

777139	646542	13
777122	646646	13

777122	646646	13
777119	646672	13

777122	646646	13
777184	646659	13

777184	646659	13
777212	646660	13

777778	646747	14
777787	646760	14

777787	646760	14
777787	646760	14

777787	646760	14
777823	646806	14

777823	646806	14
777839	646827	14

777839	646827	14
777901	646911	14

777901	646911	14
777926	646945	14

777901	646911	14
777934	646889	14

777839	646827	14
777855	646816	14

777855	646816	14
777855	646816	14

777855	646816	14
777923	646769	14

777923	646769	14
778007	646706	14

777839	646827	14
777831	646832	14

777926	646945	15
777933	646937	15

777933	646937	15
777933	646937	15

777933	646937	15
777944	646926	15

777926	646945	15
777945	646971	15

777945	646971	15
777962	646993	15

777962	646993	15
778013	646957	15

777962	646993	15
777988	647029	15

777988	647029	15
778023	647074	15

778023	647074	15
778073	647038	15

778073	647038	15
778083	647030	15

778083	647030	15
778101	647018	15

778083	647030	15
778080	647025	15

778080	647025	15
778080	647026	15

778080	647026	15
778074	647018	15

778073	647038	15
778063	647037	15

778063	647037	15
778063	647037	15

778063	647037	15
778027	647032	15

778027	647032	15
778020	647032	15

778023	647074	15
777982	647104	15

