776320	645400	0
776323	645413	0

776323	645413	0
776323	645372	0

776323	645372	0
776326	645366	0

776326	645366	0
776338	645333	0

776338	645333	0
776278	645310	0

776278	645310	0
776278	645310	0

776278	645310	0
776245	645298	0

776245	645298	0
776211	645286	0

776211	645286	0
776193	645248	0

776193	645248	0
776226	645160	0

776226	645160	0
776220	645133	0

776220	645133	0
776269	645004	0

776269	645004	0
776416	644872	0

776416	644872	0
776485	644864	0

776485	644864	0
776518	644856	0

776518	644856	0
776676	644844	0

776676	644844	0
776731	644857	0

776731	644857	0
776790	644887	0

776790	644887	0
776824	644903	0

776824	644903	0
776856	644918	0

776856	644918	0
776856	644918	0

776856	644918	0
777077	645021	0

777077	645021	0
777268	645110	0

777268	645110	0
777270	645160	0

777270	645160	0
777271	645177	0

777270	645160	0
777657	645340	0

777657	645340	0
777685	645364	0

777270	645160	0
777231	645141	0

777231	645141	0
776764	644922	0

777268	645110	0
777264	645097	0

777264	645097	0
777264	645097	0

777264	645097	0
777242	644852	0

777242	644852	0
777236	644773	0

777236	644773	0
777226	644673	0

777226	644673	0
777214	644641	0

777214	644641	0
777217	644630	0

777217	644630	0
777217	644630	0

777217	644630	0
777294	644451	0

777294	644451	0
777323	644408	0

777323	644408	0
777323	644408	0

777323	644408	0
777326	644404	0

777294	644451	0
777292	644428	0

777292	644428	0
777264	644417	0

777264	644417	0
777264	644417	0

777264	644417	0
777237	644405	0

777237	644405	0
777154	644369	0

777154	644369	0
777089	644340	0

777089	644340	0
777188	644109	0

777188	644109	0
777138	644087	0

777089	644340	0
777081	644357	0

777089	644340	0
777027	644312	0

777236	644773	0
777206	644766	0

777206	644766	0
777206	644766	0

777206	644766	0
777074	644707	0

777074	644707	0
776986	644669	0

776986	644669	0
776870	644619	0

777268	645110	1
777411	645174	1

777411	645174	1
777477	645209	1

777477	645209	1
777518	645228	1

777518	645228	1
777581	645257	1

777581	645257	1
777618	645273	1

777618	645273	1
777618	645273	1

777618	645273	1
777633	645280	1

777633	645280	1
777641	645274	1

777641	645274	1
777641	645274	1

777641	645274	1
777667	645255	1

777633	645280	1
777650	645288	1

777650	645288	1
777683	645306	1

777683	645306	1
777686	645309	1

777686	645309	1
777686	645309	1

777686	645309	1
777700	645322	1

777700	645322	1
777889	645492	1

777889	645492	1
778008	645600	1

778008	645600	1
778185	645758	1

778008	645600	1
777969	645638	1

778008	645600	1
778013	645596	1

778013	645596	1
778029	645573	1

778029	645573	1
778029	645573	1

778029	645573	1
778061	645538	1

778061	645538	1
777918	645394	1

777918	645394	1
777779	645251	1

777918	645394	1
777952	645354	1

777952	645354	1
777952	645355	1

777952	645355	1
777992	645310	1

777992	645310	1
778082	645220	1

778082	645220	1
778138	645166	1

778138	645166	1
778124	645151	1

778138	645166	1
778155	645150	1

778138	645166	1
778199	645230	1

777918	645394	1
777911	645403	1

778061	645538	1
778094	645503	1

778094	645503	1
778179	645410	1

778179	645410	1
778264	645318	1

777518	645228	1
777541	645177	1

777541	645177	1
777541	645178	1

777541	645178	1
777543	645165	1

777543	645165	1
777604	645192	1

777604	645192	1
777590	645011	1

777543	645165	1
777494	645142	1

777494	645142	1
777484	645043	1

777484	645043	1
777484	645016	1

777484	645016	1
777468	644823	1

777543	645165	1
777547	645138	1

777547	645138	1
777540	645065	1

776824	644903	2
776826	644893	2

776826	644893	2
776822	644870	2

776822	644870	2
776822	644870	2

776822	644870	2
776810	644840	2

776810	644840	2
776828	644840	2

776828	644840	2
776828	644840	2

776828	644840	2
776862	644842	2

776810	644840	2
776710	644630	2

776710	644630	2
776680	644540	2

776680	644540	2
776670	644538	2

776670	644538	2
776671	644538	2

776671	644538	2
776525	644513	2

776525	644513	2
776469	644479	2

776469	644479	2
776464	644491	2

776464	644491	2
776464	644491	2

776464	644491	2
776420	644589	2

776469	644479	2
776404	644439	2

776404	644439	2
776340	644400	2

776340	644400	2
776343	644393	2

776343	644393	2
776343	644393	2

776343	644393	2
776411	644213	2

776411	644213	2
776400	644060	2

776400	644060	2
776409	644055	2

776409	644055	2
776409	644055	2

776409	644055	2
776447	644034	2

776400	644060	2
776363	643777	2

776363	643777	2
776395	643610	2

776395	643610	2
776402	643618	2

776402	643618	2
776402	643618	2

776402	643618	2
776426	643646	2

776395	643610	2
776438	643526	2

776438	643526	2
776453	643531	2

776453	643531	2
776453	643531	2

776453	643531	2
776651	643594	2

776651	643594	2
776650	643599	2

776411	644213	2
776420	644198	2

776420	644198	2
776420	644198	2

776420	644198	2
776460	644132	2

776340	644400	2
776325	644387	2

776325	644387	2
776325	644387	2

776325	644387	2
776308	644373	2

776308	644373	2
776304	644387	2

776304	644387	2
776304	644387	2

776304	644387	2
776264	644539	2

776264	644539	2
776257	644539	2

776257	644539	2
776250	644539	2

776250	644539	2
776244	644537	2

776404	644439	2
776399	644452	2

776399	644452	2
776399	644452	2

776399	644452	2
776300	644709	2

776300	644709	2
776298	644716	2

776298	644716	2
776291	644736	2

776680	644540	2
776600	644320	2

776600	644320	2
776659	644283	2

776659	644283	2
776680	644270	2

776680	644270	2
776686	644088	2

776686	644088	2
776740	644061	2

776740	644061	2
776731	644046	2

776731	644046	2
776731	644046	2

776731	644046	2
776728	644038	2

776740	644061	2
776846	644008	2

776600	644320	2
776605	644306	2

776605	644306	2
776605	644306	2

776605	644306	2
776620	644260	2

776710	644630	2
776701	644635	2

776701	644635	2
776701	644635	2

776701	644635	2
776624	644674	2

776624	644674	2
776617	644660	2

776617	644660	2
776617	644660	2

776617	644660	2
776600	644625	2

776600	644625	2
776537	644658	2

776624	644674	2
776534	644719	2

777700	645322	3
777708	645313	3

777708	645313	3
777708	645313	3

777708	645313	3
777773	645246	3

777773	645246	3
777754	645226	3

777773	645246	3
777779	645252	3

777773	645246	3
777790	645229	3

777790	645229	3
777875	645135	3

777875	645135	3
777876	645135	3

777876	645135	3
777940	645065	3

777940	645065	3
777940	645065	3

777940	645065	3
777965	645043	3

777965	645043	3
777991	645013	3

777991	645013	3
777918	644940	3

777918	644940	3
777847	644868	3

777847	644868	3
777839	644860	3

777918	644940	3
777889	644972	3

777991	645013	3
778095	645120	3

778095	645120	3
778124	645151	3

778095	645120	3
778206	645014	3

778206	645014	3
778251	644967	3

778251	644967	3
778251	644967	3

778251	644967	3
778264	644956	3

778264	644956	3
778272	644967	3

778272	644967	3
778296	644993	3

778296	644993	3
778296	644993	3

778296	644993	3
778317	645018	3

778317	645018	3
778336	645007	3

778336	645007	3
778452	644906	3

778452	644906	3
778454	644904	3

778454	644904	3
778454	644904	3

778454	644904	3
778462	644896	3

778462	644896	3
778492	644790	3

778492	644790	3
778507	644721	3

778507	644721	3
778519	644699	3

778519	644699	3
778549	644710	3

778549	644710	3
778577	644721	3

778577	644721	3
778538	644880	3

778538	644880	3
778506	644998	3

778506	644998	3
778499	645009	3

778499	645009	3
778567	645028	3

778567	645028	3
778624	645041	3

778624	645041	3
778658	644899	3

778624	645041	3
778644	645044	3

778644	645044	3
778685	645058	3

778685	645058	3
778715	644934	3

778567	645028	3
778606	644886	3

778549	644710	3
778553	644698	3

778553	644698	3
778553	644698	3

778553	644698	3
778559	644675	3

778452	644906	3
778453	644931	3

778317	645018	3
778334	645039	3

778334	645039	3
778400	645114	3

778400	645114	3
778483	645210	3

777991	645013	3
778060	644941	3

778185	645758	4
778185	645758	4

778185	645758	4
778201	645774	4

778201	645774	4
778214	645786	4

778214	645786	4
778214	645786	4

778214	645786	4
778263	645829	4

778263	645829	4
778270	645820	4

778270	645820	4
778270	645821	4

778270	645821	4
778288	645795	4

778263	645829	4
778318	645878	4

778318	645878	4
778406	645958	4

778406	645958	4
778457	646004	4

778457	646004	4
778635	646333	4

778457	646004	4
778489	646025	4

778489	646025	4
778505	646030	4

778406	645958	4
778419	645942	4

778419	645942	4
778419	645942	4

778419	645942	4
778426	645916	4

778426	645916	4
778445	645840	4

778445	645840	4
778429	645824	4

778429	645824	4
778429	645824	4

778429	645824	4
778380	645769	4

778380	645769	4
778362	645756	4

778362	645756	4
778354	645742	4

778354	645742	4
778356	645734	4

778356	645734	4
778399	645575	4

778399	645575	4
778385	645569	4

778399	645575	4
778450	645592	4

778450	645592	4
778474	645523	4

778399	645575	4
778423	645489	4

778423	645489	4
778460	645356	4

778460	645356	4
778469	645322	4

778469	645322	4
778496	645225	4

778496	645225	4
778508	645240	4

778496	645225	4
778502	645201	4

778496	645225	4
778483	645210	4

778356	645734	4
778348	645734	4

778348	645734	4
778341	645736	4

778341	645736	4
778342	645736	4

778342	645736	4
778328	645742	4

778445	645840	4
778449	645820	4

778449	645820	4
778481	645674	4

778449	645820	4
778480	645841	4

778480	645841	4
778509	645866	4

778509	645866	4
778523	645857	4

778523	645857	4
778523	645857	4

778523	645857	4
778540	645846	4

778509	645866	4
778551	645922	4

778551	645922	4
778604	645879	4

778604	645879	4
778587	645852	4

778604	645879	4
778612	645873	4

778604	645879	4
778611	645889	4

778551	645922	4
778590	645977	4

778590	645977	4
778613	646004	4

778613	646004	4
778601	646014	4

778601	646014	4
778601	646014	4

778601	646014	4
778586	646027	4

778201	645774	4
778189	645809	4

778189	645809	4
778181	645828	4

778181	645828	4
778168	645894	4

778168	645894	4
778157	645914	4

778157	645914	4
778141	645929	4

778141	645929	4
778130	645938	4

778141	645929	4
778136	645922	4

778141	645929	4
778136	645922	4

778141	645929	4
778130	645938	4

778141	645929	4
778170	645964	4

778170	645964	4
778208	646014	4

778189	645809	4
778118	645749	4

778201	645774	4
778205	645760	4

778205	645760	4
778205	645760	4

778205	645760	4
778249	645621	4

778249	645621	4
778257	645595	4

778257	645595	4
778287	645601	4

776308	644373	5
775781	643927	5

775781	643927	5
775230	643450	5

775230	643450	5
775011	643258	5

775011	643258	5
775018	643251	5

775018	643251	5
775018	643251	5

775018	643251	5
775040	643229	5

775011	643258	5
774900	643160	5

774900	643160	5
774886	643148	5

774886	643148	5
774886	643148	5

774886	643148	5
774780	643059	5

775230	643450	5
775218	643460	5

775218	643460	5
775218	643460	5

775218	643460	5
774660	643919	5

775781	643927	5
776030	645019	5

778264	644956	6
778252	644941	6

778252	644941	6
778231	644917	6

778231	644917	6
778231	644917	6

778231	644917	6
778193	644875	6

778193	644875	6
778177	644855	6

778177	644855	6
778143	644813	6

778143	644813	6
778113	644780	6

778113	644780	6
778072	644733	6

778072	644733	6
778050	644707	6

778050	644707	6
778050	644707	6

778050	644707	6
778041	644691	6

778041	644691	6
778005	644706	6

778005	644706	6
777978	644732	6

777978	644732	6
777973	644728	6

777978	644732	6
778016	644771	6

777978	644732	6
777923	644787	6

778005	644706	6
777906	644611	6

778041	644691	6
778036	644682	6

778041	644691	6
778056	644685	6

778056	644685	6
778006	644634	6

778072	644733	6
778085	644722	6

778085	644722	6
778085	644722	6

778085	644722	6
778178	644639	6

778178	644639	6
778302	644536	6

778302	644536	6
778317	644541	6

778317	644541	6
778317	644541	6

778317	644541	6
778352	644555	6

778352	644555	6
778469	644601	6

778469	644601	6
778467	644604	6

778467	644604	6
778467	644604	6

778467	644604	6
778462	644618	6

778352	644555	6
778346	644582	6

778302	644536	6
778310	644524	6

778310	644524	6
778310	644524	6

778310	644524	6
778329	644501	6

778329	644501	6
778322	644499	6

778302	644536	6
778250	644515	6

778250	644515	6
778193	644496	6

778193	644496	6
778137	644545	6

778137	644545	6
778082	644592	6

778082	644592	6
778071	644619	6

778071	644619	6
778052	644620	6

778052	644620	6
778052	644620	6

778052	644620	6
778024	644621	6

778250	644515	6
778180	644580	6

778113	644780	6
778190	644713	6

778143	644813	6
778133	644821	6

778133	644821	6
778115	644844	6

778115	644844	6
778083	644871	6

778143	644813	6
778246	644724	6

778177	644855	6
778345	644712	6

778345	644712	6
778355	644732	6

778252	644941	6
778396	644812	6

778396	644812	6
778410	644840	6

778208	646014	7
778213	646010	7

778208	646014	7
778135	646070	7

778135	646070	7
778145	646083	7

778145	646083	7
778145	646083	7

778145	646083	7
778224	646189	7

778224	646189	7
778317	646318	7

778135	646070	7
778050	646133	7

778050	646133	7
778061	646148	7

778061	646148	7
778061	646148	7

778061	646148	7
778138	646251	7

778138	646251	7
778243	646387	7

778243	646387	7
778343	646516	7

778050	646133	7
778039	646119	7

778050	646133	7
777929	646217	7

777929	646217	7
777856	646273	7

778135	646070	7
778094	646025	7

778094	646025	7
777970	645875	7

778208	646014	7
778284	646111	7

778284	646111	7
778307	646140	7

778307	646140	7
778339	646182	7

778339	646182	7
778374	646225	7

778374	646225	7
778438	646312	7

778438	646312	7
778533	646439	7

778533	646439	7
778543	646452	7

778533	646439	7
778579	646404	7

778579	646404	7
778579	646404	7

778579	646404	7
778649	646352	7

778649	646352	7
778635	646333	7

778649	646352	7
778655	646359	7

778649	646352	7
778660	646344	7

778660	646344	7
778715	646302	7

778715	646302	7
778727	646318	7

778715	646302	7
778690	646263	7

778715	646302	7
778757	646273	7

778757	646273	7
778797	646241	7

778797	646241	7
778879	646180	7

778879	646180	7
778891	646196	7

778879	646180	7
778923	646147	7

778923	646147	7
778959	646119	7

778879	646180	7
778788	646061	7

778797	646241	7
778736	646159	7

778736	646159	7
778750	646149	7

778736	646159	7
778684	646200	7

778736	646159	7
778711	646126	7

778797	646241	7
778828	646285	7

778374	646225	7
778427	646183	7

778339	646182	7
778406	646133	7

778307	646140	7
778294	646148	7

778294	646148	7
778294	646148	7

778294	646148	7
778271	646165	7

778959	646119	8
779041	646057	8

779041	646057	8
779047	646066	8

779041	646057	8
779028	646040	8

779028	646040	8
779028	646040	8

779028	646040	8
778945	645925	8

778945	645925	8
778859	645814	8

778945	645925	8
778947	645928	8

779041	646057	8
779059	646045	8

779059	646045	8
779123	645997	8

779123	645997	8
779163	645967	8

779163	645967	8
779163	645967	8

779163	645967	8
779204	645935	8

779204	645935	8
779183	645906	8

779183	645906	8
779172	645915	8

779172	645915	8
779172	645915	8

779172	645915	8
779155	645927	8

779183	645906	8
779162	645878	8

779162	645878	8
779162	645878	8

779162	645878	8
779145	645856	8

779145	645856	8
779134	645862	8

779145	645856	8
779157	645846	8

779157	645846	8
779112	645786	8

779112	645786	8
779105	645791	8

779112	645786	8
779068	645725	8

779068	645725	8
779139	645673	8

779139	645673	8
779204	645623	8

779204	645623	8
779211	645632	8

779204	645623	8
779262	645578	8

779262	645578	8
779287	645558	8

779287	645558	8
779286	645558	8

779286	645558	8
779328	645525	8

779328	645525	8
779306	645512	8

779306	645512	8
779273	645485	8

779328	645525	8
779389	645485	8

779389	645485	8
779272	645382	8

779262	645578	8
779222	645525	8

779222	645525	8
779136	645415	8

779136	645415	8
779136	645415	8

779136	645415	8
779122	645387	8

779122	645387	8
779120	645365	8

779120	645365	8
779009	645324	8

779122	645387	8
779117	645423	8

779117	645423	8
779107	645443	8

779107	645443	8
778929	645386	8

779204	645623	8
779188	645601	8

779112	645786	8
779208	645715	8

779145	645856	8
779140	645850	8

779204	645935	8
779242	645984	8

779242	645984	8
779265	645968	8

779265	645968	8
779265	645968	8

779265	645968	8
779330	645920	8

779330	645920	8
779390	645874	8

779390	645874	8
779338	645801	8

779330	645920	8
779316	645900	8

779316	645900	8
779304	645912	8

779304	645912	8
779304	645912	8

779304	645912	8
779286	645928	8

779316	645900	8
779294	645871	8

779294	645871	8
779250	645812	8

779242	645984	8
779233	645991	8

779233	645991	8
779233	645991	8

779233	645991	8
779212	646008	8

779123	645997	8
779127	646002	8

779123	645997	8
779110	645979	8

779110	645979	8
779110	645979	8

779110	645979	8
779024	645863	8

779024	645863	8
778989	645820	8

778989	645820	8
778998	645814	8

778998	645814	8
778998	645814	8

778998	645814	8
779027	645791	8

778989	645820	8
778970	645794	8

778959	646119	8
778967	646129	8

778959	646119	8
778870	645995	8

778859	645814	9
778766	645690	9

778766	645690	9
778780	645636	9

778780	645636	9
778804	645545	9

778804	645545	9
778799	645542	9

778799	645542	9
778799	645542	9

778799	645542	9
778787	645537	9

778787	645537	9
778779	645525	9

778779	645525	9
778726	645563	9

778726	645563	9
778659	645479	9

778659	645479	9
778646	645511	9

778646	645511	9
778626	645583	9

778659	645479	9
778636	645449	9

778636	645449	9
778636	645449	9

778636	645449	9
778608	645424	9

778608	645424	9
778592	645419	9

778592	645419	9
778590	645425	9

778592	645419	9
778569	645410	9

778592	645419	9
778613	645333	9

778613	645333	9
778651	645190	9

778726	645563	9
778668	645607	9

778668	645607	9
778607	645649	9

778607	645649	9
778579	645673	9

778579	645673	9
778565	645654	9

778607	645649	9
778607	645651	9

778668	645607	9
778667	645607	9

778779	645525	9
778745	645479	9

778745	645479	9
778748	645450	9

778748	645450	9
778827	645149	9

778745	645479	9
778698	645419	9

778698	645419	9
778675	645392	9

778675	645392	9
778745	645116	9

778804	645545	9
778836	645429	9

778836	645429	9
778865	645308	9

778865	645308	9
778894	645194	9

778894	645194	9
778920	645206	9

778920	645206	9
778920	645206	9

778920	645206	9
779040	645259	9

778894	645194	9
778925	645073	9

778925	645073	9
778936	645033	9

778936	645033	9
778936	645033	9

778936	645033	9
778941	644982	9

778941	644982	9
778958	644984	9

778958	644984	9
778958	644984	9

778958	644984	9
779005	644993	9

778941	644982	9
778954	644872	9

778780	645636	9
778754	645624	9

778754	645624	9
778727	645647	9

778727	645647	9
778697	645664	9

778766	645690	9
778744	645788	9

778859	645814	9
778743	645911	9

778859	645814	9
778902	645783	9

778902	645783	9
778941	645751	9

778954	644872	10
778966	644818	10

778966	644818	10
778970	644774	10

778970	644774	10
778970	644774	10

778970	644774	10
778970	644764	10

778970	644764	10
778966	644699	10

778966	644699	10
778970	644680	10

778970	644680	10
778991	644688	10

778991	644688	10
778991	644688	10

778991	644688	10
779340	644815	10

779340	644815	10
779380	644748	10

779380	644748	10
779420	644680	10

779420	644680	10
779423	644663	10

779423	644663	10
779423	644663	10

779423	644663	10
779430	644619	10

779420	644680	10
779712	644558	10

779712	644558	10
779713	644578	10

779713	644578	10
779713	644578	10

779713	644578	10
779720	644719	10

779712	644558	10
779780	644529	10

779380	644748	10
779368	644745	10

779368	644745	10
779368	644745	10

779368	644745	10
779340	644739	10

778970	644680	10
779014	644490	10

779014	644490	10
779003	644482	10

779003	644482	10
779003	644482	10

779003	644482	10
778979	644464	10

779014	644490	10
779021	644456	10

779021	644456	10
779053	644465	10

779053	644465	10
779053	644465	10

779053	644465	10
779190	644499	10

779021	644456	10
779047	644335	10

779047	644335	10
779081	644343	10

779081	644343	10
779081	644343	10

779081	644343	10
779230	644399	10

779047	644335	10
779095	644130	10

779095	644130	10
779103	644096	10

779103	644096	10
779200	643860	10

779200	643860	10
779275	643819	10

779275	643819	10
779275	643819	10

779275	643819	10
779300	643805	10

779300	643805	10
779306	643776	10

779306	643776	10
779306	643776	10

779306	643776	10
779340	643600	10

779340	643600	10
779520	643609	10

779300	643805	10
779390	643789	10

779095	644130	10
779077	644126	10

779077	644126	10
779077	644126	10

779077	644126	10
779060	644149	10

778966	644818	10
778954	644816	10

778954	644816	10
778954	644816	10

778954	644816	10
778933	644812	10

