776320	645400	0
776323	645413	0

776323	645413	0
776323	645372	0

776323	645372	0
776326	645366	0

776326	645366	0
776338	645333	0

776338	645333	0
776278	645310	0

776278	645310	0
776278	645310	0

776278	645310	0
776245	645298	0

776245	645298	0
776211	645286	0

776211	645286	0
776193	645248	0

776193	645248	0
776226	645160	0

776226	645160	0
776220	645133	0

776220	645133	0
776269	645004	0

776269	645004	0
776416	644872	0

776416	644872	0
776485	644864	0

776485	644864	0
776518	644856	0

776518	644856	0
776676	644844	0

776676	644844	0
776731	644857	0

776731	644857	0
776790	644887	0

776790	644887	0
776824	644903	0

776824	644903	0
776856	644918	0

776856	644918	0
776856	644918	0

776856	644918	0
777077	645021	0

777077	645021	0
777268	645110	0

776824	644903	0
776826	644893	0

776826	644893	0
776822	644870	0

776822	644870	0
776822	644870	0

776822	644870	0
776810	644840	0

776810	644840	0
776828	644840	0

776828	644840	0
776828	644840	0

776828	644840	0
776862	644842	0

776810	644840	0
776710	644630	0

776710	644630	0
776680	644540	0

776710	644630	0
776701	644635	0

776701	644635	0
776701	644635	0

776701	644635	0
776624	644674	0

776624	644674	0
776617	644660	0

776617	644660	0
776617	644660	0

776617	644660	0
776600	644625	0

776600	644625	0
776537	644658	0

776624	644674	0
776534	644719	0

777268	645110	1
777270	645160	1

777270	645160	1
777271	645177	1

777270	645160	1
777657	645340	1

777657	645340	1
777685	645364	1

777270	645160	1
777231	645141	1

777231	645141	1
776764	644922	1

777268	645110	1
777264	645097	1

777264	645097	1
777264	645097	1

777264	645097	1
777242	644852	1

777242	644852	1
777236	644773	1

777236	644773	1
777226	644673	1

777226	644673	1
777214	644641	1

777214	644641	1
777217	644630	1

777217	644630	1
777217	644630	1

777217	644630	1
777294	644451	1

777294	644451	1
777323	644408	1

777323	644408	1
777323	644408	1

777323	644408	1
777326	644404	1

777294	644451	1
777292	644428	1

777292	644428	1
777264	644417	1

777264	644417	1
777264	644417	1

777264	644417	1
777237	644405	1

777237	644405	1
777154	644369	1

777154	644369	1
777089	644340	1

777089	644340	1
777188	644109	1

777188	644109	1
777138	644087	1

777089	644340	1
777081	644357	1

777089	644340	1
777027	644312	1

777236	644773	1
777206	644766	1

777206	644766	1
777206	644766	1

777206	644766	1
777074	644707	1

777074	644707	1
776986	644669	1

776986	644669	1
776870	644619	1

776680	644540	2
776670	644538	2

776670	644538	2
776671	644538	2

776671	644538	2
776525	644513	2

776525	644513	2
776469	644479	2

776469	644479	2
776464	644491	2

776464	644491	2
776464	644491	2

776464	644491	2
776420	644589	2

776469	644479	2
776404	644439	2

776404	644439	2
776340	644400	2

776340	644400	2
776343	644393	2

776343	644393	2
776343	644393	2

776343	644393	2
776411	644213	2

776411	644213	2
776400	644060	2

776400	644060	2
776409	644055	2

776409	644055	2
776409	644055	2

776409	644055	2
776447	644034	2

776400	644060	2
776363	643777	2

776363	643777	2
776395	643610	2

776395	643610	2
776402	643618	2

776402	643618	2
776402	643618	2

776402	643618	2
776426	643646	2

776395	643610	2
776438	643526	2

776438	643526	2
776453	643531	2

776453	643531	2
776453	643531	2

776453	643531	2
776651	643594	2

776651	643594	2
776650	643599	2

776411	644213	2
776420	644198	2

776420	644198	2
776420	644198	2

776420	644198	2
776460	644132	2

776404	644439	2
776399	644452	2

776399	644452	2
776399	644452	2

776399	644452	2
776300	644709	2

776300	644709	2
776298	644716	2

776298	644716	2
776291	644736	2

776680	644540	2
776600	644320	2

776600	644320	2
776659	644283	2

776659	644283	2
776680	644270	2

776680	644270	2
776686	644088	2

776686	644088	2
776740	644061	2

776740	644061	2
776731	644046	2

776731	644046	2
776731	644046	2

776731	644046	2
776728	644038	2

776740	644061	2
776846	644008	2

776600	644320	2
776605	644306	2

776605	644306	2
776605	644306	2

776605	644306	2
776620	644260	2

777268	645110	3
777411	645174	3

777411	645174	3
777477	645209	3

777477	645209	3
777518	645228	3

777518	645228	3
777581	645257	3

777581	645257	3
777618	645273	3

777618	645273	3
777618	645273	3

777618	645273	3
777633	645280	3

777633	645280	3
777641	645274	3

777641	645274	3
777641	645274	3

777641	645274	3
777667	645255	3

777633	645280	3
777650	645288	3

777650	645288	3
777683	645306	3

777683	645306	3
777686	645309	3

777686	645309	3
777686	645309	3

777686	645309	3
777700	645322	3

777700	645322	3
777708	645313	3

777708	645313	3
777708	645313	3

777708	645313	3
777773	645246	3

777773	645246	3
777754	645226	3

777773	645246	3
777779	645252	3

777773	645246	3
777790	645229	3

777790	645229	3
777875	645135	3

777875	645135	3
777876	645135	3

777876	645135	3
777940	645065	3

777940	645065	3
777940	645065	3

777940	645065	3
777965	645043	3

777965	645043	3
777991	645013	3

777991	645013	3
777918	644940	3

777918	644940	3
777847	644868	3

777847	644868	3
777839	644860	3

777918	644940	3
777889	644972	3

777991	645013	3
778095	645120	3

777991	645013	3
778060	644941	3

777518	645228	3
777541	645177	3

777541	645177	3
777541	645178	3

777541	645178	3
777543	645165	3

777543	645165	3
777604	645192	3

777604	645192	3
777590	645011	3

777543	645165	3
777494	645142	3

777494	645142	3
777484	645043	3

777484	645043	3
777484	645016	3

777484	645016	3
777468	644823	3

777543	645165	3
777547	645138	3

777547	645138	3
777540	645065	3

776340	644400	4
776325	644387	4

776325	644387	4
776325	644387	4

776325	644387	4
776308	644373	4

776308	644373	4
776304	644387	4

776304	644387	4
776304	644387	4

776304	644387	4
776264	644539	4

776264	644539	4
776257	644539	4

776257	644539	4
776250	644539	4

776250	644539	4
776244	644537	4

776308	644373	4
775781	643927	4

775781	643927	4
776030	645019	4

778095	645120	5
778124	645151	5

778095	645120	5
778206	645014	5

778206	645014	5
778251	644967	5

778251	644967	5
778251	644967	5

778251	644967	5
778264	644956	5

778264	644956	5
778252	644941	5

778252	644941	5
778231	644917	5

778252	644941	5
778396	644812	5

778396	644812	5
778410	644840	5

778264	644956	5
778272	644967	5

778272	644967	5
778296	644993	5

778296	644993	5
778296	644993	5

778296	644993	5
778317	645018	5

778317	645018	5
778336	645007	5

778336	645007	5
778452	644906	5

778452	644906	5
778454	644904	5

778454	644904	5
778454	644904	5

778454	644904	5
778462	644896	5

778462	644896	5
778492	644790	5

778492	644790	5
778507	644721	5

778507	644721	5
778519	644699	5

778519	644699	5
778549	644710	5

778549	644710	5
778577	644721	5

778577	644721	5
778538	644880	5

778538	644880	5
778506	644998	5

778506	644998	5
778499	645009	5

778499	645009	5
778567	645028	5

778567	645028	5
778624	645041	5

778624	645041	5
778658	644899	5

778624	645041	5
778644	645044	5

778644	645044	5
778685	645058	5

778685	645058	5
778715	644934	5

778567	645028	5
778606	644886	5

778549	644710	5
778553	644698	5

778553	644698	5
778553	644698	5

778553	644698	5
778559	644675	5

778452	644906	5
778453	644931	5

778317	645018	5
778334	645039	5

778334	645039	5
778400	645114	5

778400	645114	5
778483	645210	5

777700	645322	6
777889	645492	6

777889	645492	6
778008	645600	6

778008	645600	6
778185	645758	6

778185	645758	6
778185	645758	6

778185	645758	6
778201	645774	6

778201	645774	6
778214	645786	6

778214	645786	6
778214	645786	6

778214	645786	6
778263	645829	6

778201	645774	6
778189	645809	6

778189	645809	6
778118	645749	6

778201	645774	6
778205	645760	6

778205	645760	6
778205	645760	6

778205	645760	6
778249	645621	6

778249	645621	6
778257	645595	6

778257	645595	6
778287	645601	6

778008	645600	6
777969	645638	6

778008	645600	6
778013	645596	6

778013	645596	6
778029	645573	6

778029	645573	6
778029	645573	6

778029	645573	6
778061	645538	6

778061	645538	6
777918	645394	6

777918	645394	6
777779	645251	6

777918	645394	6
777952	645354	6

777952	645354	6
777952	645355	6

777952	645355	6
777992	645310	6

777992	645310	6
778082	645220	6

778082	645220	6
778138	645166	6

778138	645166	6
778124	645151	6

778138	645166	6
778155	645150	6

778138	645166	6
778199	645230	6

777918	645394	6
777911	645403	6

778061	645538	6
778094	645503	6

778094	645503	6
778179	645410	6

778179	645410	6
778264	645318	6

775781	643927	7
775230	643450	7

775230	643450	7
775011	643258	7

775011	643258	7
775018	643251	7

775018	643251	7
775018	643251	7

775018	643251	7
775040	643229	7

775011	643258	7
774900	643160	7

774900	643160	7
774886	643148	7

774886	643148	7
774886	643148	7

774886	643148	7
774780	643059	7

775230	643450	7
775218	643460	7

775218	643460	7
775218	643460	7

775218	643460	7
774660	643919	7

778231	644917	8
778231	644917	8

778231	644917	8
778193	644875	8

778193	644875	8
778177	644855	8

778177	644855	8
778143	644813	8

778143	644813	8
778113	644780	8

778113	644780	8
778072	644733	8

778072	644733	8
778050	644707	8

778050	644707	8
778050	644707	8

778050	644707	8
778041	644691	8

778041	644691	8
778005	644706	8

778005	644706	8
777978	644732	8

777978	644732	8
777973	644728	8

777978	644732	8
778016	644771	8

777978	644732	8
777923	644787	8

778005	644706	8
777906	644611	8

778041	644691	8
778036	644682	8

778041	644691	8
778056	644685	8

778056	644685	8
778006	644634	8

778072	644733	8
778085	644722	8

778085	644722	8
778085	644722	8

778085	644722	8
778178	644639	8

778178	644639	8
778302	644536	8

778302	644536	8
778317	644541	8

778317	644541	8
778317	644541	8

778317	644541	8
778352	644555	8

778352	644555	8
778469	644601	8

778469	644601	8
778467	644604	8

778467	644604	8
778467	644604	8

778467	644604	8
778462	644618	8

778352	644555	8
778346	644582	8

778302	644536	8
778310	644524	8

778310	644524	8
778310	644524	8

778310	644524	8
778329	644501	8

778329	644501	8
778322	644499	8

778302	644536	8
778250	644515	8

778250	644515	8
778193	644496	8

778193	644496	8
778137	644545	8

778137	644545	8
778082	644592	8

778082	644592	8
778071	644619	8

778071	644619	8
778052	644620	8

778052	644620	8
778052	644620	8

778052	644620	8
778024	644621	8

778250	644515	8
778180	644580	8

778113	644780	8
778190	644713	8

778143	644813	8
778133	644821	8

778133	644821	8
778115	644844	8

778115	644844	8
778083	644871	8

778143	644813	8
778246	644724	8

778177	644855	8
778345	644712	8

778345	644712	8
778355	644732	8

778263	645829	9
778270	645820	9

778270	645820	9
778270	645821	9

778270	645821	9
778288	645795	9

778263	645829	9
778318	645878	9

778318	645878	9
778406	645958	9

778406	645958	9
778457	646004	9

778457	646004	9
778635	646333	9

778457	646004	9
778489	646025	9

778489	646025	9
778505	646030	9

778406	645958	9
778419	645942	9

778419	645942	9
778419	645942	9

778419	645942	9
778426	645916	9

778426	645916	9
778445	645840	9

778445	645840	9
778429	645824	9

778429	645824	9
778429	645824	9

778429	645824	9
778380	645769	9

778380	645769	9
778362	645756	9

778362	645756	9
778354	645742	9

778354	645742	9
778356	645734	9

778356	645734	9
778399	645575	9

778399	645575	9
778385	645569	9

778399	645575	9
778450	645592	9

778450	645592	9
778474	645523	9

778399	645575	9
778423	645489	9

778423	645489	9
778460	645356	9

778460	645356	9
778469	645322	9

778469	645322	9
778496	645225	9

778496	645225	9
778508	645240	9

778496	645225	9
778502	645201	9

778496	645225	9
778483	645210	9

778356	645734	9
778348	645734	9

778348	645734	9
778341	645736	9

778341	645736	9
778342	645736	9

778342	645736	9
778328	645742	9

778445	645840	9
778449	645820	9

778449	645820	9
778481	645674	9

778449	645820	9
778480	645841	9

778480	645841	9
778509	645866	9

778509	645866	9
778523	645857	9

778523	645857	9
778523	645857	9

778523	645857	9
778540	645846	9

778509	645866	9
778551	645922	9

778551	645922	9
778604	645879	9

778604	645879	9
778587	645852	9

778604	645879	9
778612	645873	9

778604	645879	9
778611	645889	9

778551	645922	9
778590	645977	9

778590	645977	9
778613	646004	9

778613	646004	9
778601	646014	9

778601	646014	9
778601	646014	9

778601	646014	9
778586	646027	9

778189	645809	10
778181	645828	10

778181	645828	10
778168	645894	10

778168	645894	10
778157	645914	10

778157	645914	10
778141	645929	10

778141	645929	10
778130	645938	10

778141	645929	10
778136	645922	10

778141	645929	10
778136	645922	10

778141	645929	10
778130	645938	10

778141	645929	10
778170	645964	10

778170	645964	10
778208	646014	10

778208	646014	10
778213	646010	10

778208	646014	10
778135	646070	10

778135	646070	10
778145	646083	10

778145	646083	10
778145	646083	10

778145	646083	10
778224	646189	10

778224	646189	10
778317	646318	10

778135	646070	10
778050	646133	10

778050	646133	10
778061	646148	10

778061	646148	10
778061	646148	10

778061	646148	10
778138	646251	10

778138	646251	10
778243	646387	10

778243	646387	10
778343	646516	10

778050	646133	10
778039	646119	10

778050	646133	10
777929	646217	10

777929	646217	10
777856	646273	10

778135	646070	10
778094	646025	10

778094	646025	10
777970	645875	10

778208	646014	10
778284	646111	10

778284	646111	10
778307	646140	10

778307	646140	10
778339	646182	10

778339	646182	10
778374	646225	10

778374	646225	10
778438	646312	10

778374	646225	10
778427	646183	10

778339	646182	10
778406	646133	10

778307	646140	10
778294	646148	10

778294	646148	10
778294	646148	10

778294	646148	10
778271	646165	10

778438	646312	11
778533	646439	11

778533	646439	11
778543	646452	11

778533	646439	11
778579	646404	11

778579	646404	11
778579	646404	11

778579	646404	11
778649	646352	11

778649	646352	11
778635	646333	11

778649	646352	11
778655	646359	11

778649	646352	11
778660	646344	11

778660	646344	11
778715	646302	11

778715	646302	11
778727	646318	11

778715	646302	11
778690	646263	11

778715	646302	11
778757	646273	11

778757	646273	11
778797	646241	11

778797	646241	11
778879	646180	11

778879	646180	11
778891	646196	11

778879	646180	11
778923	646147	11

778923	646147	11
778959	646119	11

778959	646119	11
779041	646057	11

779041	646057	11
779047	646066	11

779041	646057	11
779028	646040	11

779028	646040	11
779028	646040	11

779028	646040	11
778945	645925	11

778945	645925	11
778859	645814	11

778859	645814	11
778743	645911	11

778859	645814	11
778902	645783	11

778902	645783	11
778941	645751	11

778945	645925	11
778947	645928	11

779041	646057	11
779059	646045	11

779059	646045	11
779123	645997	11

779123	645997	11
779127	646002	11

779123	645997	11
779110	645979	11

779110	645979	11
779110	645979	11

779110	645979	11
779024	645863	11

779024	645863	11
778989	645820	11

778989	645820	11
778998	645814	11

778998	645814	11
778998	645814	11

778998	645814	11
779027	645791	11

778989	645820	11
778970	645794	11

778959	646119	11
778967	646129	11

778959	646119	11
778870	645995	11

778879	646180	11
778788	646061	11

778797	646241	11
778736	646159	11

778736	646159	11
778750	646149	11

778736	646159	11
778684	646200	11

778736	646159	11
778711	646126	11

778797	646241	11
778828	646285	11

778859	645814	12
778766	645690	12

778766	645690	12
778780	645636	12

778780	645636	12
778804	645545	12

778804	645545	12
778799	645542	12

778799	645542	12
778799	645542	12

778799	645542	12
778787	645537	12

778787	645537	12
778779	645525	12

778779	645525	12
778726	645563	12

778726	645563	12
778659	645479	12

778659	645479	12
778646	645511	12

778646	645511	12
778626	645583	12

778659	645479	12
778636	645449	12

778636	645449	12
778636	645449	12

778636	645449	12
778608	645424	12

778608	645424	12
778592	645419	12

778592	645419	12
778590	645425	12

778592	645419	12
778569	645410	12

778592	645419	12
778613	645333	12

778613	645333	12
778651	645190	12

778726	645563	12
778668	645607	12

778668	645607	12
778607	645649	12

778607	645649	12
778579	645673	12

778579	645673	12
778565	645654	12

778607	645649	12
778607	645651	12

778668	645607	12
778667	645607	12

778779	645525	12
778745	645479	12

778745	645479	12
778748	645450	12

778748	645450	12
778827	645149	12

778745	645479	12
778698	645419	12

778698	645419	12
778675	645392	12

778675	645392	12
778745	645116	12

778804	645545	12
778836	645429	12

778780	645636	12
778754	645624	12

778754	645624	12
778727	645647	12

778727	645647	12
778697	645664	12

778766	645690	12
778744	645788	12

779123	645997	13
779163	645967	13

779163	645967	13
779163	645967	13

779163	645967	13
779204	645935	13

779204	645935	13
779183	645906	13

779183	645906	13
779172	645915	13

779172	645915	13
779172	645915	13

779172	645915	13
779155	645927	13

779183	645906	13
779162	645878	13

779162	645878	13
779162	645878	13

779162	645878	13
779145	645856	13

779145	645856	13
779134	645862	13

779145	645856	13
779157	645846	13

779157	645846	13
779112	645786	13

779112	645786	13
779105	645791	13

779112	645786	13
779068	645725	13

779068	645725	13
779139	645673	13

779139	645673	13
779204	645623	13

779204	645623	13
779211	645632	13

779204	645623	13
779262	645578	13

779262	645578	13
779287	645558	13

779287	645558	13
779286	645558	13

779286	645558	13
779328	645525	13

779328	645525	13
779306	645512	13

779306	645512	13
779273	645485	13

779328	645525	13
779389	645485	13

779389	645485	13
779272	645382	13

779262	645578	13
779222	645525	13

779222	645525	13
779136	645415	13

779136	645415	13
779136	645415	13

779136	645415	13
779122	645387	13

779122	645387	13
779120	645365	13

779120	645365	13
779009	645324	13

779122	645387	13
779117	645423	13

779117	645423	13
779107	645443	13

779107	645443	13
778929	645386	13

779204	645623	13
779188	645601	13

779112	645786	13
779208	645715	13

779145	645856	13
779140	645850	13

779204	645935	13
779242	645984	13

779242	645984	13
779265	645968	13

779265	645968	13
779265	645968	13

779265	645968	13
779330	645920	13

779330	645920	13
779390	645874	13

779390	645874	13
779338	645801	13

779330	645920	13
779316	645900	13

779316	645900	13
779304	645912	13

779304	645912	13
779304	645912	13

779304	645912	13
779286	645928	13

779316	645900	13
779294	645871	13

779294	645871	13
779250	645812	13

779242	645984	13
779233	645991	13

779233	645991	13
779233	645991	13

779233	645991	13
779212	646008	13

778836	645429	14
778865	645308	14

778865	645308	14
778894	645194	14

778894	645194	14
778920	645206	14

778920	645206	14
778920	645206	14

778920	645206	14
779040	645259	14

778894	645194	14
778925	645073	14

778925	645073	14
778936	645033	14

778936	645033	14
778936	645033	14

778936	645033	14
778941	644982	14

778941	644982	14
778958	644984	14

778958	644984	14
778958	644984	14

778958	644984	14
779005	644993	14

778941	644982	14
778954	644872	14

778954	644872	14
778966	644818	14

778966	644818	14
778970	644774	14

778970	644774	14
778970	644774	14

778970	644774	14
778970	644764	14

778970	644764	14
778966	644699	14

778966	644699	14
778970	644680	14

778970	644680	14
778991	644688	14

778991	644688	14
778991	644688	14

778991	644688	14
779340	644815	14

779340	644815	14
779380	644748	14

779380	644748	14
779420	644680	14

779420	644680	14
779423	644663	14

779423	644663	14
779423	644663	14

779423	644663	14
779430	644619	14

779420	644680	14
779712	644558	14

779712	644558	14
779713	644578	14

779713	644578	14
779713	644578	14

779713	644578	14
779720	644719	14

779712	644558	14
779780	644529	14

779380	644748	14
779368	644745	14

779368	644745	14
779368	644745	14

779368	644745	14
779340	644739	14

778966	644818	14
778954	644816	14

778954	644816	14
778954	644816	14

778954	644816	14
778933	644812	14

778970	644680	15
779014	644490	15

779014	644490	15
779003	644482	15

779003	644482	15
779003	644482	15

779003	644482	15
778979	644464	15

779014	644490	15
779021	644456	15

779021	644456	15
779053	644465	15

779053	644465	15
779053	644465	15

779053	644465	15
779190	644499	15

779021	644456	15
779047	644335	15

779047	644335	15
779081	644343	15

779081	644343	15
779081	644343	15

779081	644343	15
779230	644399	15

779047	644335	15
779095	644130	15

779095	644130	15
779103	644096	15

779103	644096	15
779200	643860	15

779200	643860	15
779275	643819	15

779275	643819	15
779275	643819	15

779275	643819	15
779300	643805	15

779300	643805	15
779306	643776	15

779306	643776	15
779306	643776	15

779306	643776	15
779340	643600	15

779340	643600	15
779520	643609	15

779300	643805	15
779390	643789	15

779095	644130	15
779077	644126	15

779077	644126	15
779077	644126	15

779077	644126	15
779060	644149	15

