0 1 2 3 4 5 6 7 8 216 217 218 219 220 221
9 10 11 12 13 14 15 16 17 18 19 20 35
21 22 23 32 33 34
36 37 38 39 213 214 215
24 25 26 27 28 29 30 31
40 41 42 43 44 197 198 199 200 201 202 203 204 205 206 207 208 209
45 46 47 48 187 188 189 190 191
210 211 212
49 50 51 52 53 54 55 56 57 58 59 60 61
192 193 194 195 196
62 63 64 65 66 93
67 68 88 89 90 91 92
94 95 186
69 70 71 72 73 86 87
96 97 98 99 106 107 143 144
74 75 76 83 84 85
100 101 102 103 104 105
108 109 110 111 112 113 114 115 116 117 118
145 146 147 148 149 150 151 152 184 185
77 78 79 80 81 82
119 120 121 122 123 124 125 126 142
153 154 155 156 179 180 181 182 183
127 128 129 130 131 132 133 139 140 141
157 158 159 160 161 162 163 164 178
134 135 136 137 138
165 166 167 168 169 170 171 172 173 174 175 176 177
