776320	645400	0
776323	645413	0

776323	645413	0
776338	645377	0

776338	645377	0
776350	645350	0

776350	645350	0
776385	645364	0

776385	645364	0
776385	645364	0

776385	645364	0
776438	645384	0

776438	645384	0
776460	645394	0

776460	645394	0
776512	645416	0

776512	645416	0
776516	645406	0

776516	645406	0
776516	645406	0

776516	645406	0
776550	645319	0

776438	645384	0
776433	645396	0

776433	645396	0
776433	645396	0

776433	645396	0
776419	645429	0

776512	645416	1
776552	645436	1

776552	645436	1
776544	645447	1

776544	645447	1
776544	645447	1

776544	645447	1
776522	645473	1

776552	645436	1
776618	645471	1

776618	645471	1
776647	645488	1

776647	645488	1
776632	645492	1

776632	645492	1
776632	645492	1

776632	645492	1
776611	645529	1

776611	645529	1
776603	645524	1

776603	645524	1
776603	645524	1

776603	645524	1
776583	645512	1

776647	645488	1
776701	645517	1

776611	645529	2
776550	645634	2

776550	645634	2
776531	645668	2

776531	645668	2
776495	645739	2

776495	645739	2
776476	645778	2

776476	645778	2
776568	645825	2

776531	645668	2
776576	645689	2

776701	645517	3
776732	645536	3

776732	645536	3
776759	645554	3

776759	645554	3
776744	645605	3

776759	645554	3
776872	645641	3

776701	645517	3
776696	645526	3

776696	645526	3
776696	645526	3

776696	645526	3
776675	645564	3

776495	645739	4
776341	645662	4

776341	645662	4
776334	645681	4

776341	645662	4
776331	645658	4

776341	645662	4
776347	645651	4

776347	645651	4
776376	645598	4

776376	645598	4
776378	645593	4

776378	645593	4
776378	645593	4

776378	645593	4
776385	645578	4

776872	645641	5
776894	645659	5

776894	645659	5
776902	645650	5

776902	645650	5
776902	645641	5

776902	645641	5
776902	645641	5

776902	645641	5
776899	645601	5

776894	645659	5
776885	645667	5

776885	645667	5
776885	645667	5

776885	645667	5
776869	645682	5

776869	645682	5
776852	645728	5

776852	645728	5
776871	645738	5

776871	645738	5
776891	645756	5

776891	645756	5
776895	645750	5

776895	645750	5
776895	645750	5

776895	645750	5
776905	645739	5

776891	645756	5
776940	645798	5

776940	645798	5
776940	645798	5

776940	645798	5
776948	645804	5

776852	645728	5
776838	645721	5

776894	645659	6
776993	645744	6

776993	645744	6
777008	645759	6

777008	645759	6
777008	645759	6

777008	645759	6
777050	645802	6

776993	645744	6
776995	645726	6

776995	645726	6
776993	645723	6

776993	645723	6
776993	645723	6

776993	645723	6
776976	645691	6

776976	645691	6
776964	645656	6

776852	645728	7
776845	645750	7

776845	645750	7
776823	645901	7

776823	645901	7
776802	646050	7

777050	645802	8
777095	645848	8

777095	645848	8
777088	645854	8

777088	645854	8
777088	645854	8

777088	645854	8
777075	645865	8

777075	645865	8
777082	645875	8

777082	645875	8
777074	645882	8

777075	645865	8
777066	645872	8

777095	645848	8
777160	645924	8

777160	645924	8
777168	645919	8

777168	645919	8
777168	645919	8

777168	645919	8
777175	645915	8

777160	645924	8
777177	645948	8

777177	645948	8
777192	645968	8

776964	645656	9
776981	645648	9

776964	645656	9
776921	645526	9

776921	645526	9
776893	645427	9

776893	645427	9
776892	645426	9

776892	645426	9
776882	645392	9

777192	645968	10
777231	646024	10

777231	646024	10
777240	646038	10

777240	646038	10
777212	646058	10

777212	646058	10
777212	646058	10

777212	646058	10
777117	646130	10

777240	646038	10
777298	646113	10

777117	646130	11
777069	646166	11

777069	646166	11
777048	646267	11

777117	646130	11
777146	646222	11

777146	646222	11
777156	646251	11

777117	646130	11
777101	646092	11

777101	646092	11
777072	645998	11

777072	645998	11
777058	645969	11

777298	646113	12
777445	646308	12

777445	646308	12
777466	646340	12

777466	646340	12
777490	646321	12

777048	646267	13
777152	646287	13

777152	646287	13
777152	646297	13

777152	646297	13
777152	646297	13

777152	646297	13
777152	646353	13

777152	646287	13
777202	646300	13

777048	646267	13
777043	646290	13

777043	646290	13
777024	646415	13

777466	646340	14
777540	646442	14

777540	646442	14
777540	646442	14

777540	646442	14
777566	646475	14

777566	646475	14
777573	646479	14

777573	646479	14
777552	646498	14

777552	646498	14
777552	646498	14

777573	646479	14
777620	646538	14

777620	646538	14
777662	646593	14

777048	646267	15
777036	646265	15

777036	646265	15
777036	646265	15

777036	646265	15
776964	646249	15

776964	646249	15
776938	646243	15

776964	646249	15
776965	646274	15

776965	646274	15
776945	646400	15

777573	646479	16
777590	646473	16

777590	646473	16
777615	646453	16

777615	646453	16
777671	646411	16

777671	646411	16
777607	646325	16

777671	646411	16
777679	646421	16

777671	646411	16
777715	646375	16

777552	646498	17
777526	646518	17

777526	646518	17
777523	646519	17

777523	646519	17
777527	646528	17

777527	646528	17
777527	646528	17

777527	646528	17
777539	646550	17

777523	646519	17
777510	646524	17

777510	646524	17
777466	646516	17

777466	646516	17
777468	646507	17

777468	646507	17
777468	646507	17

777468	646507	17
777477	646460	17

777466	646516	17
777331	646493	17

777662	646593	18
777680	646617	18

777680	646617	18
777715	646664	18

777715	646664	18
777705	646670	18

777705	646670	18
777705	646670	18

777705	646670	18
777676	646682	18

777715	646664	18
777731	646685	18

777731	646685	18
777778	646747	18

777778	646747	18
777770	646754	18

777778	646747	18
777803	646732	18

777803	646732	18
777861	646688	18

776964	646249	19
776975	646168	19

776975	646168	19
776890	646158	19

776890	646158	19
776872	646156	19

776890	646158	19
776888	646169	19

776890	646158	19
776897	646133	19

776975	646168	19
776984	646130	19

777331	646493	20
777349	646509	20

777349	646509	20
777407	646588	20

777407	646588	20
777421	646596	20

777421	646596	20
777421	646596	20

777421	646596	20
777451	646614	20

777331	646493	20
777299	646483	20

777299	646483	20
777298	646483	20

777298	646483	20
777263	646481	20

777263	646481	20
777248	646566	20

777778	646747	21
777787	646760	21

777787	646760	21
777787	646760	21

777787	646760	21
777823	646806	21

777823	646806	21
777839	646827	21

777839	646827	21
777855	646816	21

777855	646816	21
777855	646816	21

777855	646816	21
777923	646769	21

777923	646769	21
778007	646706	21

777839	646827	21
777831	646832	21

777263	646481	22
777183	646464	22

777183	646464	22
777154	646459	22

777154	646459	22
777086	646442	22

777086	646442	22
777022	646431	22

777022	646431	22
777016	646430	22

777022	646431	22
777024	646415	22

777022	646431	22
777009	646516	22

777183	646464	22
777188	646455	22

777188	646455	22
777188	646455	22

777188	646455	22
777197	646439	22

777839	646827	23
777901	646911	23

777901	646911	23
777926	646945	23

777926	646945	23
777933	646937	23

777933	646937	23
777933	646937	23

777933	646937	23
777944	646926	23

777926	646945	23
777945	646971	23

777945	646971	23
777962	646993	23

777962	646993	23
778013	646957	23

777901	646911	23
777934	646889	23

777154	646459	24
777139	646542	24

777139	646542	24
777122	646646	24

777122	646646	24
777119	646672	24

777122	646646	24
777184	646659	24

777184	646659	24
777212	646660	24

777962	646993	25
777988	647029	25

777988	647029	25
778023	647074	25

778023	647074	25
778073	647038	25

778073	647038	25
778083	647030	25

778083	647030	25
778101	647018	25

778083	647030	25
778080	647025	25

778080	647025	25
778080	647026	25

778080	647026	25
778074	647018	25

778073	647038	25
778063	647037	25

778063	647037	25
778063	647037	25

778063	647037	25
778027	647032	25

778027	647032	25
778020	647032	25

778023	647074	25
777982	647104	25

