776320	645400	0
776323	645413	0

776323	645413	0
776338	645377	0

776338	645377	0
776350	645350	0

776350	645350	0
776385	645364	0

776385	645364	0
776385	645364	0

776385	645364	0
776438	645384	0

776438	645384	0
776460	645394	0

776460	645394	0
776512	645416	0

776512	645416	0
776552	645436	0

776552	645436	0
776544	645447	0

776544	645447	0
776544	645447	0

776544	645447	0
776522	645473	0

776552	645436	0
776618	645471	0

776618	645471	0
776647	645488	0

776647	645488	0
776632	645492	0

776632	645492	0
776632	645492	0

776632	645492	0
776611	645529	0

776611	645529	0
776603	645524	0

776603	645524	0
776603	645524	0

776603	645524	0
776583	645512	0

776611	645529	0
776550	645634	0

776550	645634	0
776531	645668	0

776531	645668	0
776495	645739	0

776495	645739	0
776341	645662	0

776341	645662	0
776334	645681	0

776341	645662	0
776331	645658	0

776341	645662	0
776347	645651	0

776347	645651	0
776376	645598	0

776376	645598	0
776378	645593	0

776378	645593	0
776378	645593	0

776378	645593	0
776385	645578	0

776495	645739	0
776476	645778	0

776476	645778	0
776568	645825	0

776531	645668	0
776576	645689	0

776647	645488	0
776701	645517	0

776701	645517	0
776696	645526	0

776696	645526	0
776696	645526	0

776696	645526	0
776675	645564	0

776512	645416	0
776516	645406	0

776516	645406	0
776516	645406	0

776516	645406	0
776550	645319	0

776438	645384	0
776433	645396	0

776433	645396	0
776433	645396	0

776433	645396	0
776419	645429	0

776701	645517	1
776732	645536	1

776732	645536	1
776759	645554	1

776759	645554	1
776744	645605	1

776759	645554	1
776872	645641	1

776872	645641	1
776894	645659	1

776894	645659	1
776902	645650	1

776902	645650	1
776902	645641	1

776902	645641	1
776902	645641	1

776902	645641	1
776899	645601	1

776894	645659	1
776993	645744	1

776993	645744	1
776995	645726	1

776995	645726	1
776993	645723	1

776993	645723	1
776993	645723	1

776993	645723	1
776976	645691	1

776976	645691	1
776964	645656	1

776964	645656	1
776981	645648	1

776964	645656	1
776921	645526	1

776921	645526	1
776893	645427	1

776893	645427	1
776892	645426	1

776892	645426	1
776882	645392	1

776894	645659	1
776885	645667	1

776885	645667	1
776885	645667	1

776885	645667	1
776869	645682	1

776869	645682	1
776852	645728	1

776852	645728	1
776871	645738	1

776871	645738	1
776891	645756	1

776891	645756	1
776895	645750	1

776895	645750	1
776895	645750	1

776895	645750	1
776905	645739	1

776891	645756	1
776940	645798	1

776940	645798	1
776940	645798	1

776940	645798	1
776948	645804	1

776852	645728	1
776838	645721	1

776852	645728	1
776845	645750	1

776845	645750	1
776823	645901	1

776823	645901	1
776802	646050	1

776993	645744	2
777008	645759	2

777008	645759	2
777008	645759	2

777008	645759	2
777050	645802	2

777050	645802	2
777095	645848	2

777095	645848	2
777088	645854	2

777088	645854	2
777088	645854	2

777088	645854	2
777075	645865	2

777075	645865	2
777082	645875	2

777082	645875	2
777074	645882	2

777075	645865	2
777066	645872	2

777095	645848	2
777160	645924	2

777160	645924	2
777168	645919	2

777168	645919	2
777168	645919	2

777168	645919	2
777175	645915	2

777160	645924	2
777177	645948	2

777177	645948	2
777192	645968	2

777192	645968	2
777231	646024	2

777231	646024	2
777240	646038	2

777240	646038	2
777212	646058	2

777212	646058	2
777212	646058	2

777240	646038	2
777298	646113	2

777298	646113	2
777445	646308	2

777445	646308	2
777466	646340	2

777466	646340	2
777540	646442	2

777540	646442	2
777540	646442	2

777540	646442	2
777566	646475	2

777566	646475	2
777573	646479	2

777573	646479	2
777590	646473	2

777590	646473	2
777615	646453	2

777615	646453	2
777671	646411	2

777671	646411	2
777607	646325	2

777671	646411	2
777679	646421	2

777671	646411	2
777715	646375	2

777573	646479	2
777620	646538	2

777466	646340	2
777490	646321	2

777212	646058	3
777117	646130	3

777117	646130	3
777069	646166	3

777069	646166	3
777048	646267	3

777048	646267	3
777152	646287	3

777152	646287	3
777152	646297	3

777152	646297	3
777152	646297	3

777152	646297	3
777152	646353	3

777152	646287	3
777202	646300	3

777048	646267	3
777036	646265	3

777036	646265	3
777036	646265	3

777036	646265	3
776964	646249	3

776964	646249	3
776975	646168	3

776975	646168	3
776890	646158	3

776890	646158	3
776872	646156	3

776890	646158	3
776888	646169	3

776890	646158	3
776897	646133	3

776975	646168	3
776984	646130	3

776964	646249	3
776938	646243	3

776964	646249	3
776965	646274	3

776965	646274	3
776945	646400	3

777048	646267	3
777043	646290	3

777043	646290	3
777024	646415	3

777117	646130	3
777146	646222	3

777146	646222	3
777156	646251	3

777117	646130	3
777101	646092	3

777101	646092	3
777072	645998	3

777072	645998	3
777058	645969	3

777573	646479	4
777552	646498	4

777552	646498	4
777552	646498	4

777552	646498	4
777526	646518	4

777526	646518	4
777523	646519	4

777523	646519	4
777527	646528	4

777527	646528	4
777527	646528	4

777527	646528	4
777539	646550	4

777523	646519	4
777510	646524	4

777510	646524	4
777466	646516	4

777466	646516	4
777468	646507	4

777468	646507	4
777468	646507	4

777468	646507	4
777477	646460	4

777466	646516	4
777331	646493	4

777331	646493	4
777349	646509	4

777349	646509	4
777407	646588	4

777407	646588	4
777421	646596	4

777421	646596	4
777421	646596	4

777421	646596	4
777451	646614	4

777331	646493	4
777299	646483	4

777299	646483	4
777298	646483	4

777298	646483	4
777263	646481	4

777263	646481	4
777183	646464	4

777183	646464	4
777154	646459	4

777154	646459	4
777086	646442	4

777086	646442	4
777022	646431	4

777022	646431	4
777016	646430	4

777022	646431	4
777024	646415	4

777022	646431	4
777009	646516	4

777154	646459	4
777139	646542	4

777139	646542	4
777122	646646	4

777122	646646	4
777119	646672	4

777122	646646	4
777184	646659	4

777184	646659	4
777212	646660	4

777183	646464	4
777188	646455	4

777188	646455	4
777188	646455	4

777188	646455	4
777197	646439	4

777263	646481	4
777248	646566	4

777620	646538	5
777662	646593	5

777662	646593	5
777680	646617	5

777680	646617	5
777715	646664	5

777715	646664	5
777705	646670	5

777705	646670	5
777705	646670	5

777705	646670	5
777676	646682	5

777715	646664	5
777731	646685	5

777731	646685	5
777778	646747	5

777778	646747	5
777770	646754	5

777778	646747	5
777787	646760	5

777787	646760	5
777787	646760	5

777787	646760	5
777823	646806	5

777823	646806	5
777839	646827	5

777839	646827	5
777901	646911	5

777901	646911	5
777926	646945	5

777926	646945	5
777933	646937	5

777933	646937	5
777933	646937	5

777933	646937	5
777944	646926	5

777926	646945	5
777945	646971	5

777945	646971	5
777962	646993	5

777962	646993	5
778013	646957	5

777962	646993	5
777988	647029	5

777988	647029	5
778023	647074	5

778023	647074	5
778073	647038	5

778073	647038	5
778083	647030	5

778083	647030	5
778101	647018	5

778083	647030	5
778080	647025	5

778080	647025	5
778080	647026	5

778080	647026	5
778074	647018	5

778073	647038	5
778063	647037	5

778063	647037	5
778063	647037	5

778063	647037	5
778027	647032	5

778027	647032	5
778020	647032	5

778023	647074	5
777982	647104	5

777901	646911	5
777934	646889	5

777839	646827	5
777855	646816	5

777855	646816	5
777855	646816	5

777855	646816	5
777923	646769	5

777923	646769	5
778007	646706	5

777839	646827	5
777831	646832	5

777778	646747	5
777803	646732	5

777803	646732	5
777861	646688	5

