776320	645400	0
776323	645413	0

776323	645413	0
776323	645372	0

776323	645372	0
776326	645366	0

776326	645366	0
776338	645333	0

776338	645333	0
776278	645310	0

776278	645310	0
776278	645310	0

776278	645310	0
776245	645298	0

776245	645298	0
776211	645286	0

776211	645286	0
776193	645248	0

776193	645248	0
776226	645160	0

776226	645160	0
776220	645133	0

776220	645133	0
776269	645004	0

776269	645004	0
776416	644872	0

776416	644872	0
776485	644864	0

776485	644864	0
776518	644856	0

776518	644856	0
776676	644844	0

776676	644844	0
776731	644857	0

776731	644857	0
776790	644887	0

776790	644887	0
776824	644903	0

776824	644903	0
776856	644918	0

776856	644918	0
776856	644918	0

776856	644918	0
777077	645021	0

777077	645021	0
777268	645110	0

777268	645110	0
777270	645160	0

777270	645160	0
777271	645177	0

777270	645160	0
777657	645340	0

777657	645340	0
777685	645364	0

777270	645160	0
777231	645141	0

777231	645141	0
776764	644922	0

777268	645110	0
777264	645097	0

777264	645097	0
777264	645097	0

777264	645097	0
777242	644852	0

777242	644852	0
777236	644773	0

777236	644773	0
777226	644673	0

777226	644673	0
777214	644641	0

777214	644641	0
777217	644630	0

777217	644630	0
777217	644630	0

777217	644630	0
777294	644451	0

777294	644451	0
777323	644408	0

777323	644408	0
777323	644408	0

777323	644408	0
777326	644404	0

777294	644451	0
777292	644428	0

777292	644428	0
777264	644417	0

777264	644417	0
777264	644417	0

777264	644417	0
777237	644405	0

777237	644405	0
777154	644369	0

777154	644369	0
777089	644340	0

777089	644340	0
777188	644109	0

777188	644109	0
777138	644087	0

777089	644340	0
777081	644357	0

777089	644340	0
777027	644312	0

777236	644773	0
777206	644766	0

777206	644766	0
777206	644766	0

777206	644766	0
777074	644707	0

777074	644707	0
776986	644669	0

776986	644669	0
776870	644619	0

777268	645110	0
777411	645174	0

777411	645174	0
777477	645209	0

777477	645209	0
777518	645228	0

776824	644903	0
776826	644893	0

776826	644893	0
776822	644870	0

776822	644870	0
776822	644870	0

776822	644870	0
776810	644840	0

776810	644840	0
776828	644840	0

776828	644840	0
776828	644840	0

776828	644840	0
776862	644842	0

776810	644840	0
776710	644630	0

776710	644630	0
776680	644540	0

776680	644540	0
776670	644538	0

776670	644538	0
776671	644538	0

776680	644540	0
776600	644320	0

776600	644320	0
776659	644283	0

776659	644283	0
776680	644270	0

776680	644270	0
776686	644088	0

776686	644088	0
776740	644061	0

776740	644061	0
776731	644046	0

776731	644046	0
776731	644046	0

776731	644046	0
776728	644038	0

776740	644061	0
776846	644008	0

776600	644320	0
776605	644306	0

776605	644306	0
776605	644306	0

776605	644306	0
776620	644260	0

776710	644630	0
776701	644635	0

776701	644635	0
776701	644635	0

776701	644635	0
776624	644674	0

776624	644674	0
776617	644660	0

776617	644660	0
776617	644660	0

776617	644660	0
776600	644625	0

776600	644625	0
776537	644658	0

776624	644674	0
776534	644719	0

777518	645228	1
777581	645257	1

777581	645257	1
777618	645273	1

777618	645273	1
777618	645273	1

777618	645273	1
777633	645280	1

777633	645280	1
777641	645274	1

777641	645274	1
777641	645274	1

777641	645274	1
777667	645255	1

777633	645280	1
777650	645288	1

777650	645288	1
777683	645306	1

777683	645306	1
777686	645309	1

777686	645309	1
777686	645309	1

777686	645309	1
777700	645322	1

777700	645322	1
777708	645313	1

777708	645313	1
777708	645313	1

777708	645313	1
777773	645246	1

777773	645246	1
777754	645226	1

777773	645246	1
777779	645252	1

777773	645246	1
777790	645229	1

777790	645229	1
777875	645135	1

777875	645135	1
777876	645135	1

777876	645135	1
777940	645065	1

777940	645065	1
777940	645065	1

777940	645065	1
777965	645043	1

777965	645043	1
777991	645013	1

777991	645013	1
777918	644940	1

777918	644940	1
777847	644868	1

777847	644868	1
777839	644860	1

777918	644940	1
777889	644972	1

777991	645013	1
778095	645120	1

778095	645120	1
778124	645151	1

778095	645120	1
778206	645014	1

778206	645014	1
778251	644967	1

778251	644967	1
778251	644967	1

778251	644967	1
778264	644956	1

778264	644956	1
778252	644941	1

778252	644941	1
778231	644917	1

778231	644917	1
778231	644917	1

778231	644917	1
778193	644875	1

778193	644875	1
778177	644855	1

778177	644855	1
778143	644813	1

778143	644813	1
778113	644780	1

778113	644780	1
778072	644733	1

778072	644733	1
778050	644707	1

778050	644707	1
778050	644707	1

778050	644707	1
778041	644691	1

778041	644691	1
778005	644706	1

778005	644706	1
777978	644732	1

777978	644732	1
777973	644728	1

777978	644732	1
778016	644771	1

777978	644732	1
777923	644787	1

778005	644706	1
777906	644611	1

778041	644691	1
778036	644682	1

778041	644691	1
778056	644685	1

778056	644685	1
778006	644634	1

778072	644733	1
778085	644722	1

778085	644722	1
778085	644722	1

778085	644722	1
778178	644639	1

778178	644639	1
778302	644536	1

778302	644536	1
778317	644541	1

778317	644541	1
778317	644541	1

778317	644541	1
778352	644555	1

778352	644555	1
778469	644601	1

778469	644601	1
778467	644604	1

778467	644604	1
778467	644604	1

778467	644604	1
778462	644618	1

778352	644555	1
778346	644582	1

778302	644536	1
778310	644524	1

778310	644524	1
778310	644524	1

778310	644524	1
778329	644501	1

778329	644501	1
778322	644499	1

778302	644536	1
778250	644515	1

778250	644515	1
778193	644496	1

778193	644496	1
778137	644545	1

778137	644545	1
778082	644592	1

778082	644592	1
778071	644619	1

778071	644619	1
778052	644620	1

778052	644620	1
778052	644620	1

778052	644620	1
778024	644621	1

778250	644515	1
778180	644580	1

778113	644780	1
778190	644713	1

778143	644813	1
778133	644821	1

778133	644821	1
778115	644844	1

778115	644844	1
778083	644871	1

778143	644813	1
778246	644724	1

778177	644855	1
778345	644712	1

778345	644712	1
778355	644732	1

778252	644941	1
778396	644812	1

778396	644812	1
778410	644840	1

778264	644956	1
778272	644967	1

778272	644967	1
778296	644993	1

778296	644993	1
778296	644993	1

778296	644993	1
778317	645018	1

778317	645018	1
778336	645007	1

778336	645007	1
778452	644906	1

778452	644906	1
778454	644904	1

778454	644904	1
778454	644904	1

778454	644904	1
778462	644896	1

778462	644896	1
778492	644790	1

778492	644790	1
778507	644721	1

778507	644721	1
778519	644699	1

778519	644699	1
778549	644710	1

778549	644710	1
778577	644721	1

778577	644721	1
778538	644880	1

778538	644880	1
778506	644998	1

778506	644998	1
778499	645009	1

778499	645009	1
778567	645028	1

778567	645028	1
778624	645041	1

778624	645041	1
778658	644899	1

778624	645041	1
778644	645044	1

778644	645044	1
778685	645058	1

778685	645058	1
778715	644934	1

778567	645028	1
778606	644886	1

778549	644710	1
778553	644698	1

778553	644698	1
778553	644698	1

778553	644698	1
778559	644675	1

778452	644906	1
778453	644931	1

778317	645018	1
778334	645039	1

778334	645039	1
778400	645114	1

778400	645114	1
778483	645210	1

777991	645013	1
778060	644941	1

777518	645228	1
777541	645177	1

777541	645177	1
777541	645178	1

777541	645178	1
777543	645165	1

777543	645165	1
777604	645192	1

777604	645192	1
777590	645011	1

777543	645165	1
777494	645142	1

777494	645142	1
777484	645043	1

777484	645043	1
777484	645016	1

777484	645016	1
777468	644823	1

777543	645165	1
777547	645138	1

777547	645138	1
777540	645065	1

776671	644538	2
776525	644513	2

776525	644513	2
776469	644479	2

776469	644479	2
776464	644491	2

776464	644491	2
776464	644491	2

776464	644491	2
776420	644589	2

776469	644479	2
776404	644439	2

776404	644439	2
776340	644400	2

776340	644400	2
776343	644393	2

776343	644393	2
776343	644393	2

776343	644393	2
776411	644213	2

776411	644213	2
776400	644060	2

776400	644060	2
776409	644055	2

776409	644055	2
776409	644055	2

776409	644055	2
776447	644034	2

776400	644060	2
776363	643777	2

776363	643777	2
776395	643610	2

776395	643610	2
776402	643618	2

776402	643618	2
776402	643618	2

776402	643618	2
776426	643646	2

776395	643610	2
776438	643526	2

776438	643526	2
776453	643531	2

776453	643531	2
776453	643531	2

776453	643531	2
776651	643594	2

776651	643594	2
776650	643599	2

776411	644213	2
776420	644198	2

776420	644198	2
776420	644198	2

776420	644198	2
776460	644132	2

776340	644400	2
776325	644387	2

776325	644387	2
776325	644387	2

776325	644387	2
776308	644373	2

776308	644373	2
776304	644387	2

776304	644387	2
776304	644387	2

776304	644387	2
776264	644539	2

776264	644539	2
776257	644539	2

776257	644539	2
776250	644539	2

776250	644539	2
776244	644537	2

776308	644373	2
775781	643927	2

775781	643927	2
775230	643450	2

775230	643450	2
775011	643258	2

775011	643258	2
775018	643251	2

775018	643251	2
775018	643251	2

775018	643251	2
775040	643229	2

775011	643258	2
774900	643160	2

774900	643160	2
774886	643148	2

774886	643148	2
774886	643148	2

774886	643148	2
774780	643059	2

775230	643450	2
775218	643460	2

775218	643460	2
775218	643460	2

775218	643460	2
774660	643919	2

775781	643927	2
776030	645019	2

776404	644439	2
776399	644452	2

776399	644452	2
776399	644452	2

776399	644452	2
776300	644709	2

776300	644709	2
776298	644716	2

776298	644716	2
776291	644736	2

777700	645322	3
777889	645492	3

777889	645492	3
778008	645600	3

778008	645600	3
778185	645758	3

778185	645758	3
778185	645758	3

778185	645758	3
778201	645774	3

778201	645774	3
778214	645786	3

778214	645786	3
778214	645786	3

778214	645786	3
778263	645829	3

778263	645829	3
778270	645820	3

778270	645820	3
778270	645821	3

778270	645821	3
778288	645795	3

778263	645829	3
778318	645878	3

778318	645878	3
778406	645958	3

778406	645958	3
778457	646004	3

778457	646004	3
778635	646333	3

778457	646004	3
778489	646025	3

778489	646025	3
778505	646030	3

778406	645958	3
778419	645942	3

778419	645942	3
778419	645942	3

778419	645942	3
778426	645916	3

778426	645916	3
778445	645840	3

778445	645840	3
778429	645824	3

778429	645824	3
778429	645824	3

778429	645824	3
778380	645769	3

778380	645769	3
778362	645756	3

778362	645756	3
778354	645742	3

778354	645742	3
778356	645734	3

778356	645734	3
778399	645575	3

778399	645575	3
778385	645569	3

778399	645575	3
778450	645592	3

778450	645592	3
778474	645523	3

778399	645575	3
778423	645489	3

778423	645489	3
778460	645356	3

778460	645356	3
778469	645322	3

778469	645322	3
778496	645225	3

778496	645225	3
778508	645240	3

778496	645225	3
778502	645201	3

778496	645225	3
778483	645210	3

778356	645734	3
778348	645734	3

778348	645734	3
778341	645736	3

778341	645736	3
778342	645736	3

778342	645736	3
778328	645742	3

778445	645840	3
778449	645820	3

778449	645820	3
778481	645674	3

778449	645820	3
778480	645841	3

778480	645841	3
778509	645866	3

778509	645866	3
778523	645857	3

778523	645857	3
778523	645857	3

778523	645857	3
778540	645846	3

778509	645866	3
778551	645922	3

778551	645922	3
778604	645879	3

778604	645879	3
778587	645852	3

778604	645879	3
778612	645873	3

778604	645879	3
778611	645889	3

778551	645922	3
778590	645977	3

778590	645977	3
778613	646004	3

778613	646004	3
778601	646014	3

778601	646014	3
778601	646014	3

778601	646014	3
778586	646027	3

778201	645774	3
778189	645809	3

778189	645809	3
778181	645828	3

778181	645828	3
778168	645894	3

778168	645894	3
778157	645914	3

778157	645914	3
778141	645929	3

778141	645929	3
778130	645938	3

778141	645929	3
778136	645922	3

778141	645929	3
778136	645922	3

778141	645929	3
778130	645938	3

778141	645929	3
778170	645964	3

778170	645964	3
778208	646014	3

778208	646014	3
778213	646010	3

778208	646014	3
778135	646070	3

778135	646070	3
778145	646083	3

778145	646083	3
778145	646083	3

778145	646083	3
778224	646189	3

778224	646189	3
778317	646318	3

778135	646070	3
778050	646133	3

778050	646133	3
778061	646148	3

778061	646148	3
778061	646148	3

778061	646148	3
778138	646251	3

778138	646251	3
778243	646387	3

778243	646387	3
778343	646516	3

778050	646133	3
778039	646119	3

778050	646133	3
777929	646217	3

777929	646217	3
777856	646273	3

778135	646070	3
778094	646025	3

778094	646025	3
777970	645875	3

778189	645809	3
778118	645749	3

778201	645774	3
778205	645760	3

778205	645760	3
778205	645760	3

778205	645760	3
778249	645621	3

778249	645621	3
778257	645595	3

778257	645595	3
778287	645601	3

778008	645600	3
777969	645638	3

778008	645600	3
778013	645596	3

778013	645596	3
778029	645573	3

778029	645573	3
778029	645573	3

778029	645573	3
778061	645538	3

778061	645538	3
777918	645394	3

777918	645394	3
777779	645251	3

777918	645394	3
777952	645354	3

777952	645354	3
777952	645355	3

777952	645355	3
777992	645310	3

777992	645310	3
778082	645220	3

778082	645220	3
778138	645166	3

778138	645166	3
778124	645151	3

778138	645166	3
778155	645150	3

778138	645166	3
778199	645230	3

777918	645394	3
777911	645403	3

778061	645538	3
778094	645503	3

778094	645503	3
778179	645410	3

778179	645410	3
778264	645318	3

778208	646014	4
778284	646111	4

778284	646111	4
778307	646140	4

778307	646140	4
778339	646182	4

778339	646182	4
778374	646225	4

778374	646225	4
778438	646312	4

778438	646312	4
778533	646439	4

778533	646439	4
778543	646452	4

778533	646439	4
778579	646404	4

778579	646404	4
778579	646404	4

778579	646404	4
778649	646352	4

778649	646352	4
778635	646333	4

778649	646352	4
778655	646359	4

778649	646352	4
778660	646344	4

778660	646344	4
778715	646302	4

778715	646302	4
778727	646318	4

778715	646302	4
778690	646263	4

778715	646302	4
778757	646273	4

778757	646273	4
778797	646241	4

778797	646241	4
778879	646180	4

778879	646180	4
778891	646196	4

778879	646180	4
778923	646147	4

778923	646147	4
778959	646119	4

778959	646119	4
779041	646057	4

779041	646057	4
779047	646066	4

779041	646057	4
779028	646040	4

779028	646040	4
779028	646040	4

779028	646040	4
778945	645925	4

778945	645925	4
778859	645814	4

778859	645814	4
778766	645690	4

778766	645690	4
778780	645636	4

778780	645636	4
778804	645545	4

778780	645636	4
778754	645624	4

778754	645624	4
778727	645647	4

778727	645647	4
778697	645664	4

778766	645690	4
778744	645788	4

778859	645814	4
778743	645911	4

778859	645814	4
778902	645783	4

778902	645783	4
778941	645751	4

778945	645925	4
778947	645928	4

779041	646057	4
779059	646045	4

779059	646045	4
779123	645997	4

779123	645997	4
779163	645967	4

779163	645967	4
779163	645967	4

779163	645967	4
779204	645935	4

779204	645935	4
779183	645906	4

779183	645906	4
779172	645915	4

779172	645915	4
779172	645915	4

779172	645915	4
779155	645927	4

779183	645906	4
779162	645878	4

779162	645878	4
779162	645878	4

779162	645878	4
779145	645856	4

779145	645856	4
779134	645862	4

779145	645856	4
779157	645846	4

779157	645846	4
779112	645786	4

779112	645786	4
779105	645791	4

779112	645786	4
779068	645725	4

779068	645725	4
779139	645673	4

779139	645673	4
779204	645623	4

779204	645623	4
779211	645632	4

779204	645623	4
779262	645578	4

779262	645578	4
779287	645558	4

779287	645558	4
779286	645558	4

779286	645558	4
779328	645525	4

779328	645525	4
779306	645512	4

779306	645512	4
779273	645485	4

779328	645525	4
779389	645485	4

779389	645485	4
779272	645382	4

779262	645578	4
779222	645525	4

779222	645525	4
779136	645415	4

779136	645415	4
779136	645415	4

779136	645415	4
779122	645387	4

779122	645387	4
779120	645365	4

779120	645365	4
779009	645324	4

779122	645387	4
779117	645423	4

779117	645423	4
779107	645443	4

779107	645443	4
778929	645386	4

779204	645623	4
779188	645601	4

779112	645786	4
779208	645715	4

779145	645856	4
779140	645850	4

779204	645935	4
779242	645984	4

779242	645984	4
779265	645968	4

779265	645968	4
779265	645968	4

779265	645968	4
779330	645920	4

779330	645920	4
779390	645874	4

779390	645874	4
779338	645801	4

779330	645920	4
779316	645900	4

779316	645900	4
779304	645912	4

779304	645912	4
779304	645912	4

779304	645912	4
779286	645928	4

779316	645900	4
779294	645871	4

779294	645871	4
779250	645812	4

779242	645984	4
779233	645991	4

779233	645991	4
779233	645991	4

779233	645991	4
779212	646008	4

779123	645997	4
779127	646002	4

779123	645997	4
779110	645979	4

779110	645979	4
779110	645979	4

779110	645979	4
779024	645863	4

779024	645863	4
778989	645820	4

778989	645820	4
778998	645814	4

778998	645814	4
778998	645814	4

778998	645814	4
779027	645791	4

778989	645820	4
778970	645794	4

778959	646119	4
778967	646129	4

778959	646119	4
778870	645995	4

778879	646180	4
778788	646061	4

778797	646241	4
778736	646159	4

778736	646159	4
778750	646149	4

778736	646159	4
778684	646200	4

778736	646159	4
778711	646126	4

778797	646241	4
778828	646285	4

778374	646225	4
778427	646183	4

778339	646182	4
778406	646133	4

778307	646140	4
778294	646148	4

778294	646148	4
778294	646148	4

778294	646148	4
778271	646165	4

778804	645545	5
778799	645542	5

778799	645542	5
778799	645542	5

778799	645542	5
778787	645537	5

778787	645537	5
778779	645525	5

778779	645525	5
778726	645563	5

778726	645563	5
778659	645479	5

778659	645479	5
778646	645511	5

778646	645511	5
778626	645583	5

778659	645479	5
778636	645449	5

778636	645449	5
778636	645449	5

778636	645449	5
778608	645424	5

778608	645424	5
778592	645419	5

778592	645419	5
778590	645425	5

778592	645419	5
778569	645410	5

778592	645419	5
778613	645333	5

778613	645333	5
778651	645190	5

778726	645563	5
778668	645607	5

778668	645607	5
778607	645649	5

778607	645649	5
778579	645673	5

778579	645673	5
778565	645654	5

778607	645649	5
778607	645651	5

778668	645607	5
778667	645607	5

778779	645525	5
778745	645479	5

778745	645479	5
778748	645450	5

778748	645450	5
778827	645149	5

778745	645479	5
778698	645419	5

778698	645419	5
778675	645392	5

778675	645392	5
778745	645116	5

778804	645545	5
778836	645429	5

778836	645429	5
778865	645308	5

778865	645308	5
778894	645194	5

778894	645194	5
778920	645206	5

778920	645206	5
778920	645206	5

778920	645206	5
779040	645259	5

778894	645194	5
778925	645073	5

778925	645073	5
778936	645033	5

778936	645033	5
778936	645033	5

778936	645033	5
778941	644982	5

778941	644982	5
778958	644984	5

778958	644984	5
778958	644984	5

778958	644984	5
779005	644993	5

778941	644982	5
778954	644872	5

778954	644872	5
778966	644818	5

778966	644818	5
778970	644774	5

778970	644774	5
778970	644774	5

778970	644774	5
778970	644764	5

778970	644764	5
778966	644699	5

778966	644699	5
778970	644680	5

778970	644680	5
778991	644688	5

778991	644688	5
778991	644688	5

778991	644688	5
779340	644815	5

779340	644815	5
779380	644748	5

779380	644748	5
779420	644680	5

779420	644680	5
779423	644663	5

779423	644663	5
779423	644663	5

779423	644663	5
779430	644619	5

779420	644680	5
779712	644558	5

779712	644558	5
779713	644578	5

779713	644578	5
779713	644578	5

779713	644578	5
779720	644719	5

779712	644558	5
779780	644529	5

779380	644748	5
779368	644745	5

779368	644745	5
779368	644745	5

779368	644745	5
779340	644739	5

778970	644680	5
779014	644490	5

779014	644490	5
779003	644482	5

779003	644482	5
779003	644482	5

779003	644482	5
778979	644464	5

779014	644490	5
779021	644456	5

779021	644456	5
779053	644465	5

779053	644465	5
779053	644465	5

779053	644465	5
779190	644499	5

779021	644456	5
779047	644335	5

779047	644335	5
779081	644343	5

779081	644343	5
779081	644343	5

779081	644343	5
779230	644399	5

779047	644335	5
779095	644130	5

779095	644130	5
779103	644096	5

779103	644096	5
779200	643860	5

779200	643860	5
779275	643819	5

779275	643819	5
779275	643819	5

779275	643819	5
779300	643805	5

779300	643805	5
779306	643776	5

779306	643776	5
779306	643776	5

779306	643776	5
779340	643600	5

779340	643600	5
779520	643609	5

779300	643805	5
779390	643789	5

779095	644130	5
779077	644126	5

779077	644126	5
779077	644126	5

779077	644126	5
779060	644149	5

778966	644818	5
778954	644816	5

778954	644816	5
778954	644816	5

778954	644816	5
778933	644812	5

