776320	645400	0
776323	645413	0

776323	645413	0
776316	645370	0

776316	645370	0
776326	645341	0

776326	645341	0
776289	645328	0

776289	645328	0
776289	645328	0

776289	645328	0
776270	645320	0

776270	645320	0
776216	645300	0

776216	645300	0
776170	645315	0

776170	645315	0
776150	645361	0

776150	645361	0
776134	645361	0

776134	645361	0
776135	645361	0

776135	645361	0
775800	645340	0

775800	645340	0
775600	645120	0

775600	645120	0
775609	645113	0

775609	645113	0
775610	645113	0

775610	645113	0
775665	645070	0

775600	645120	0
775562	645112	0

775562	645112	0
775567	645098	0

775567	645098	0
775567	645098	0

775567	645098	0
775603	644981	0

775603	644981	0
775660	644979	0

775562	645112	0
775460	645090	0

775460	645090	0
775320	645060	0

775320	645060	0
775169	644961	0

775169	644961	0
775174	644955	0

775174	644955	0
775174	644955	0

775174	644955	0
775220	644900	0

775220	644900	0
775220	644899	0

775169	644961	0
775121	644929	0

775121	644929	0
775107	644930	0

775107	644930	0
775107	644930	0

775107	644930	0
774880	644939	0

775460	645090	0
775488	644977	0

775800	645340	0
775801	645356	0

775801	645356	0
775801	645356	0

775801	645356	0
775807	645418	0

776270	645320	0
776263	645338	0

776263	645338	0
776263	645338	0

776263	645338	0
776253	645370	0

776150	645361	1
776136	645400	1

776136	645400	1
776028	645694	1

776028	645694	1
775943	645929	1

775943	645929	1
775923	645984	1

775943	645929	1
775934	645926	1

775943	645929	1
775961	645936	1

775961	645936	1
775961	645936	1

775961	645936	1
776044	645968	1

776044	645968	1
776051	645945	1

776051	645945	1
776051	645945	1

776051	645945	1
776068	645901	1

776068	645901	1
776128	645918	1

776128	645918	1
776190	645941	1

776190	645941	1
776223	645953	1

776223	645953	1
776251	645963	1

776251	645963	1
776276	645973	1

776276	645973	1
776276	645973	1

776276	645973	1
776308	645985	1

776308	645985	1
776369	646008	1

776369	646008	1
776380	646012	1

776369	646008	1
776364	646025	1

776369	646008	1
776404	645920	1

776404	645920	1
776431	645846	1

776431	645846	1
776454	645785	1

776454	645785	1
776422	645771	1

776431	645846	1
776459	645840	1

776459	645840	1
776589	645900	1

776308	645985	1
776343	645898	1

776251	645963	1
776297	645838	1

776190	645941	1
776239	645808	1

776128	645918	1
776177	645784	1

776068	645901	1
776107	645789	1

776044	645968	1
776051	645970	1

775923	645984	2
775910	646018	2

775910	646018	2
775893	646008	2

775893	646008	2
775893	646008	2

775893	646008	2
775759	645927	2

775910	646018	2
775863	646156	2

775863	646156	2
775865	646198	2

775865	646198	2
775882	646239	2

775882	646239	2
775912	646271	2

775912	646271	2
776010	646309	2

776010	646309	2
776032	646317	2

776032	646317	2
776004	646372	2

776004	646372	2
776004	646372	2

776004	646372	2
775999	646382	2

775999	646382	2
776117	646426	2

776117	646426	2
776117	646426	2

776117	646426	2
776122	646427	2

776122	646427	2
776206	646463	2

776206	646463	2
776210	646488	2

776210	646488	2
776198	646530	2

776198	646530	2
776177	646580	2

776177	646580	2
776176	646584	2

776176	646584	2
776184	646640	2

776184	646640	2
776167	646633	2

776184	646640	2
776189	646698	2

776189	646698	2
776171	646690	2

776189	646698	2
776192	646721	2

776189	646698	2
776237	646718	2

776184	646640	2
776266	646670	2

776177	646580	2
776284	646619	2

776198	646530	2
776182	646523	2

776198	646530	2
776303	646569	2

776206	646463	2
776267	646488	2

775999	646382	2
775910	646353	2

775910	646353	2
775879	646351	2

775879	646351	2
775849	646355	2

775849	646355	2
775818	646365	2

775818	646365	2
775791	646381	2

775791	646381	2
775765	646402	2

775765	646402	2
775755	646437	2

775755	646437	2
775704	646569	2

775704	646569	2
775690	646607	2

776044	645968	3
776018	646036	3

776018	646036	3
776045	646044	3

776045	646044	3
776045	646044	3

776045	646044	3
776078	646055	3

776078	646055	3
776138	646078	3

776138	646078	3
776198	646101	3

776198	646101	3
776257	646122	3

776257	646122	3
776319	646145	3

776319	646145	3
776325	646130	3

776325	646130	3
776325	646130	3

776325	646130	3
776338	646093	3

776338	646093	3
776367	646083	3

776367	646083	3
776408	646098	3

776408	646098	3
776468	646119	3

776468	646119	3
776407	646286	3

776407	646286	3
776452	646304	3

776452	646304	3
776483	646320	3

776483	646320	3
776593	646343	3

776593	646343	3
776692	646363	3

776692	646363	3
776710	646366	3

776692	646363	3
776688	646374	3

776692	646363	3
776697	646347	3

776697	646347	3
776698	646341	3

776698	646341	3
776698	646341	3

776698	646341	3
776703	646308	3

776407	646286	3
776405	646295	3

776407	646286	3
776393	646280	3

776468	646119	3
776474	646104	3

776468	646119	3
776486	646124	3

776486	646124	3
776616	646171	3

776408	646098	3
776401	646119	3

776408	646098	3
776440	646007	3

776319	646145	3
776329	646149	3

776319	646145	3
776295	646202	3

776257	646122	3
776203	646264	3

776198	646101	3
776157	646205	3

776138	646078	3
776097	646183	3

776078	646055	3
776039	646157	3

776018	646036	3
775978	646138	3

776032	646317	4
776094	646340	4

776094	646340	4
776083	646369	4

776083	646369	4
776121	646383	4

776121	646383	4
776121	646383	4

776121	646383	4
776458	646508	4

776458	646508	4
776758	646618	4

776758	646618	4
777101	646753	4

777101	646753	4
777195	646813	4

777195	646813	4
777195	646813	4

777195	646813	4
777271	646904	4

777271	646904	4
777303	646950	4

777271	646904	4
777263	646902	4

777263	646902	4
777262	646902	4

777262	646902	4
777167	646884	4

777167	646884	4
776973	646839	4

776973	646839	4
776966	646878	4

776966	646878	4
776996	646887	4

776973	646839	4
776978	646813	4

776973	646839	4
776907	646821	4

777101	646753	4
777110	646704	4

777110	646704	4
777119	646672	4

775690	646607	5
775679	646618	5

775679	646618	5
775679	646618	5

775679	646618	5
775596	646693	5

775596	646693	5
775496	646689	5

775496	646689	5
775424	646686	5

775496	646689	5
775496	646676	5

775496	646676	5
775496	646676	5

775496	646676	5
775498	646550	5

775596	646693	5
775620	646628	5

775690	646607	5
775658	646695	5

775658	646695	5
775670	646703	5

775670	646703	5
775670	646703	5

775670	646703	5
775700	646722	5

775700	646722	5
775866	646732	5

775658	646695	5
775659	646719	5

775659	646719	5
775659	646719	5

775659	646719	5
775683	646772	5

775683	646772	5
775686	646806	5

775686	646806	5
775676	646836	5

775676	646836	5
775657	646861	5

775657	646861	5
775633	646878	5

775633	646878	5
775603	646889	5

775603	646889	5
775580	646904	5

775580	646904	5
775569	646932	5

775569	646932	5
775515	647042	5

775515	647042	5
775498	647086	5

775498	647086	5
775501	647116	5

775501	647116	5
775482	647166	5

775482	647166	5
775499	647173	5

775499	647173	5
775499	647173	5

775499	647173	5
775512	647181	5

775482	647166	5
775458	647233	5

775458	647233	5
775442	647228	5

775442	647228	5
775442	647228	5

775442	647228	5
775259	647162	5

775259	647162	5
775259	647162	5

775259	647162	5
775203	647142	5

775203	647142	5
775196	647142	5

775458	647233	5
775413	647356	5

775633	646878	5
775637	646895	5

775637	646895	5
775637	646895	5

775637	646895	5
775665	647019	5

775683	646772	5
775696	646772	5

775696	646772	5
775696	646772	5

775696	646772	5
775810	646774	5

777303	646950	6
777332	646990	6

777332	646990	6
777374	647047	6

777374	647047	6
777385	647062	6

777374	647047	6
777366	647053	6

777366	647053	6
777366	647053	6

777366	647053	6
777303	647101	6

777303	647101	6
777391	647223	6

777391	647223	6
777474	647334	6

777303	647101	6
777265	647131	6

777374	647047	6
777452	646989	6

777452	646989	6
777531	646929	6

777531	646929	6
777615	646869	6

777615	646869	6
777620	646876	6

777615	646869	6
777556	646792	6

777615	646869	6
777660	646837	6

777660	646837	6
777687	646816	6

777687	646816	6
777770	646754	6

777687	646816	6
777674	646804	6

777531	646929	6
777622	647051	6

777622	647051	6
777717	647178	6

777717	647178	6
777725	647189	6

777725	647189	6
777749	647218	6

777725	647189	6
777741	647180	6

777741	647180	6
777747	647176	6

777717	647178	6
777710	647183	6

777717	647178	6
777739	647162	6

777531	646929	6
777500	646889	6

777452	646989	6
777440	646971	6

777452	646989	6
777475	647024	6

777332	646990	6
777388	646947	6

777303	646950	6
777236	647031	6

777236	647031	6
777218	647031	6

777218	647031	6
777126	646986	6

777126	646986	6
777129	646959	6

777236	647031	6
777218	647056	6

777303	646950	6
777383	646854	6

777383	646854	6
777403	646827	6

777403	646827	6
777390	646817	6

777390	646817	6
777390	646817	6

777390	646817	6
777368	646798	6

775424	646686	7
775425	646701	7

775425	646701	7
775425	646701	7

775425	646701	7
775426	646761	7

775426	646761	7
775427	646789	7

775426	646761	7
775193	646794	7

775424	646686	7
774929	646732	7

774929	646732	7
774929	646732	7

774929	646732	7
774917	646734	7

774917	646734	7
774585	646794	7

774585	646794	7
774505	646808	7

774505	646808	7
774511	646818	7

774511	646818	7
774511	646819	7

774511	646819	7
774550	646869	7

774585	646794	7
774573	646773	7

774573	646773	7
774573	646773	7

774573	646773	7
774513	646656	7

774513	646656	7
774510	646648	7

774510	646648	7
774517	646648	7

774517	646648	7
774524	646648	7

774524	646648	7
774531	646648	7

774531	646648	7
774538	646648	7

774538	646648	7
774546	646648	7

774917	646734	7
774913	646730	7

774913	646730	7
774913	646730	7

774913	646730	7
774611	646385	7

774611	646385	7
774585	646357	7

774585	646357	7
774566	646324	7

774566	646324	7
774547	646293	7

774611	646385	7
774702	646445	7

774702	646445	7
774737	646453	7

775413	647356	8
775492	647359	8

775492	647359	8
775492	647359	8

775492	647359	8
775627	647363	8

775627	647363	8
775635	647354	8

775627	647363	8
775621	647369	8

775621	647369	8
775621	647369	8

775621	647369	8
775601	647382	8

775601	647382	8
775526	647424	8

775526	647424	8
775510	647442	8

775510	647442	8
775432	647520	8

775432	647520	8
775354	647599	8

775627	647363	8
775748	647367	8

775748	647367	8
775775	647367	8

775775	647367	8
775785	647359	8

775785	647359	8
775785	647359	8

775785	647359	8
775787	647357	8

775787	647357	8
775814	647289	8

775814	647289	8
775814	647289	8

775814	647289	8
775853	647191	8

775775	647367	8
775854	647370	8

775854	647370	8
775884	647369	8

775884	647369	8
775892	647373	8

775892	647373	8
775896	647364	8

775892	647373	8
776014	647429	8

776014	647429	8
776020	647414	8

776020	647414	8
776020	647414	8

776020	647414	8
776071	647286	8

776071	647286	8
776100	647205	8

776100	647205	8
776145	647084	8

776145	647084	8
776171	647021	8

776171	647021	8
775919	646986	8

776014	647429	8
776063	647447	8

776063	647447	8
776153	647483	8

776014	647429	8
775998	647477	8

775892	647373	8
775887	647388	8

775887	647388	8
775887	647388	8

775887	647388	8
775854	647477	8

774505	646808	9
773935	646921	9

773935	646921	9
773230	647070	9

773230	647070	9
772945	647100	9

772945	647100	9
772945	647100	9

773230	647070	9
773230	647083	9

773230	647083	9
773230	647082	9

773230	647082	9
773230	647150	9

773230	647150	9
773230	647183	9

773230	647183	9
773230	647234	9

773230	647234	9
773230	647279	9

773230	647279	9
773230	647279	9

773230	647279	9
773230	647290	9

773230	647290	9
773294	647286	9

773230	647234	9
773217	647243	9

773217	647243	9
773217	647243	9

773217	647243	9
773181	647268	9

773181	647268	9
773220	647659	9

773230	647150	9
773243	647155	9

773243	647155	9
773243	647155	9

773243	647155	9
773400	647209	9

773935	646921	9
773935	646937	9

773935	646937	9
773935	646937	9

773935	646937	9
773920	647089	9

774547	646293	10
774480	646136	10

774480	646136	10
774502	646121	10

774502	646121	10
774502	646121	10

774502	646121	10
774653	646014	10

774653	646014	10
774613	645965	10

774613	645965	10
774635	645944	10

774635	645944	10
774749	645891	10

774749	645891	10
774815	645884	10

774815	645884	10
774847	645888	10

774847	645888	10
774885	645893	10

774885	645893	10
774951	645918	10

774951	645918	10
775008	645958	10

775008	645958	10
775055	646013	10

775055	646013	10
775088	646078	10

775088	646078	10
775102	646144	10

775102	646144	10
775105	646182	10

775105	646182	10
775101	646218	10

775101	646218	10
775082	646287	10

774613	645965	10
774505	645871	10

774653	646014	10
774699	646098	10

774699	646098	10
774717	646135	10

774717	646135	10
774738	646206	10

774738	646206	10
774757	646234	10

774480	646136	10
774444	646092	10

774444	646092	10
774413	646063	10

774413	646063	10
774315	646003	10

774315	646003	10
774280	645983	10

774280	645983	10
774150	645845	10

774150	645845	10
774150	645845	10

774150	645845	10
774111	645786	10

774111	645786	10
774111	645786	10

774111	645786	10
774100	645769	10

774100	645769	10
774107	645769	10

774107	645769	10
774114	645769	10

774114	645769	10
774121	645769	10

774121	645769	10
774128	645769	10

774128	645769	10
774135	645769	10

774135	645769	10
774142	645769	10

774142	645769	10
774149	645769	10

774444	646092	10
774420	646110	10

774420	646110	10
774416	646106	10

774416	646106	10
774416	646106	10

774416	646106	10
774399	646090	10

776153	647483	11
776159	647467	11

776159	647467	11
776159	647467	11

776159	647467	11
776209	647339	11

776209	647339	11
776239	647257	11

776239	647257	11
776280	647148	11

776280	647148	11
776310	647076	11

776310	647076	11
776310	647076	11

776310	647076	11
776310	647075	11

776310	647075	11
776410	646940	11

776410	646940	11
776500	646899	11

776153	647483	11
776136	647528	11

776153	647483	11
776200	647501	11

776200	647501	11
776293	647536	11

776293	647536	11
776308	647541	11

776308	647541	11
776308	647541	11

776308	647541	11
776341	647556	11

776341	647556	11
776358	647561	11

776358	647561	11
776336	647613	11

776358	647561	11
776430	647589	11

776430	647589	11
776580	647643	11

776580	647643	11
776631	647606	11

776631	647606	11
776726	647533	11

776726	647533	11
776783	647487	11

776783	647487	11
776720	647383	11

776720	647383	11
776685	647323	11

776685	647323	11
776689	647319	11

776689	647319	11
776689	647319	11

776689	647319	11
776701	647306	11

776726	647533	11
776783	647628	11

776783	647628	11
776796	647650	11

776796	647650	11
776733	647668	11

776733	647668	11
776739	647677	11

776739	647677	11
776739	647677	11

776739	647677	11
776784	647744	11

776726	647533	11
776678	647455	11

776430	647589	11
776452	647535	11

776293	647536	11
776324	647450	11

776324	647450	11
776331	647415	11

776331	647415	11
776342	647388	11

776342	647388	11
776380	647286	11

775854	647477	12
775841	647477	12

775841	647477	12
775841	647477	12

775841	647477	12
775763	647476	12

775763	647476	12
775694	647473	12

775694	647473	12
775685	647473	12

775694	647473	12
775700	647454	12

775694	647473	12
775688	647492	12

775854	647477	12
775872	647478	12

775854	647477	12
775820	647568	12

775820	647568	12
775812	647588	12

775812	647588	12
775808	647596	12

775808	647596	12
775790	647620	12

775790	647620	12
775790	647620	12

775790	647620	12
775766	647651	12

775766	647651	12
775691	647744	12

775691	647744	12
775612	647776	12

775612	647776	12
775542	647800	12

775542	647800	12
775557	647819	12

775557	647819	12
775566	647828	12

775566	647828	12
775566	647828	12

775566	647828	12
775575	647836	12

775575	647836	12
775586	647839	12

775586	647839	12
775604	647845	12

775604	647845	12
775688	647925	12

775688	647925	12
775693	647920	12

775688	647925	12
775647	647968	12

775688	647925	12
775702	647938	12

775586	647839	12
775564	647850	12

775564	647850	12
775536	647880	12

775586	647839	12
775662	647810	12

775662	647810	12
775734	647886	12

775542	647800	12
775528	647815	12

775528	647815	12
775446	647896	12

775766	647651	12
775762	647647	12

775762	647647	12
775762	647646	12

775762	647646	12
775751	647633	12

775812	647588	12
775800	647588	12

775800	647588	12
775800	647588	12

775800	647588	12
775775	647587	12

775775	647587	12
775665	647584	12

775665	647584	12
775606	647580	12

775606	647580	12
775574	647590	12

775574	647590	12
775552	647602	12

775552	647602	12
775435	647681	12

775435	647681	12
775349	647741	12

775820	647568	12
775920	647578	12

775920	647578	12
776052	647594	12

776052	647594	12
776079	647596	12

772945	647100	13
772100	647200	13

772100	647200	13
772107	647209	13

772107	647209	13
772107	647209	13

772107	647209	13
772245	647391	13

772245	647391	13
772252	647391	13

772100	647200	13
771980	647220	13

771980	647220	13
771939	647227	13

771980	647220	13
771945	647100	13

771945	647100	13
771945	647100	13

771945	647100	13
771620	646110	13

776783	647487	14
776833	647452	14

776833	647452	14
776977	647344	14

776977	647344	14
777026	647305	14

777026	647305	14
777050	647287	14

777050	647287	14
777049	647287	14

777049	647287	14
777118	647237	14

777118	647237	14
777098	647225	14

777098	647225	14
777098	647225	14

777098	647225	14
776972	647153	14

776972	647153	14
776909	647118	14

776909	647118	14
776882	647093	14

776882	647093	14
776826	647075	14

776826	647075	14
776810	647164	14

776810	647164	14
776616	647137	14

776616	647137	14
776618	647131	14

776616	647137	14
776605	647136	14

776616	647137	14
776606	647163	14

776810	647164	14
776834	647167	14

776810	647164	14
776799	647249	14

776826	647075	14
776722	647054	14

776722	647054	14
776620	647056	14

777118	647237	14
777128	647229	14

777118	647237	14
777126	647242	14

777126	647242	14
777153	647265	14

777153	647265	14
777174	647290	14

777174	647290	14
777277	647420	14

777277	647420	14
777360	647531	14

777026	647305	14
777094	647419	14

777094	647419	14
777130	647480	14

777130	647480	14
777123	647486	14

777123	647486	14
777093	647502	14

777093	647502	14
777030	647528	14

777130	647480	14
777193	647589	14

777193	647589	14
777215	647622	14

771939	647227	15
771939	647227	15

771939	647227	15
770293	647441	15

770293	647441	15
769940	647420	15

769940	647420	15
769938	647402	15

769938	647402	15
769938	647402	15

769940	647420	15
769940	647446	15

769940	647446	15
769940	647446	15

769940	647446	15
769940	647482	15

769940	647482	15
769611	647948	15

771620	646110	16
771680	645900	16

771680	645900	16
771600	645650	16

771600	645650	16
771600	645623	16

771600	645623	16
771600	645500	16

771600	645500	16
771940	644592	16

771940	644592	16
772080	644220	16

771940	644592	16
771952	644598	16

771952	644598	16
771952	644598	16

771952	644598	16
772000	644619	16

771600	645623	16
771617	645622	16

771617	645622	16
771617	645622	16

771617	645622	16
771700	645619	16

771600	645650	16
771577	645652	16

771577	645652	16
771577	645652	16

771577	645652	16
771473	645660	16

771473	645660	16
771465	645660	16

769938	647402	17
769910	647130	17

769910	647130	17
769891	647123	17

769891	647123	17
769891	647123	17

769891	647123	17
769490	646980	17

769490	646980	17
769070	646050	17

769070	646050	17
768944	645807	17

768944	645807	17
769043	645745	17

769043	645745	17
769043	645745	17

769043	645745	17
769067	645730	17

769067	645730	17
769074	645730	17

769074	645730	17
769081	645730	17

769081	645730	17
769088	645730	17

769070	646050	17
769060	646056	17

769060	646056	17
769060	646056	17

769060	646056	17
768703	646267	17

768703	646267	17
768690	646283	17

768690	646283	17
768690	646283	17

768690	646283	17
768659	646320	17

768703	646267	17
768694	646257	17

768694	646257	17
768694	646257	17

768694	646257	17
768644	646203	17

769910	647130	17
769920	647099	17

772080	644220	18
772050	644140	18

772050	644140	18
771870	643640	18

771870	643640	18
771440	643240	18

771440	643240	18
771451	643232	18

771451	643232	18
771451	643232	18

771451	643232	18
771990	642829	18

772050	644140	18
772063	644139	18

772063	644139	18
772062	644139	18

772062	644139	18
772379	644173	18

772379	644173	18
772383	644206	18

772379	644173	18
772394	644175	18

772394	644175	18
772405	644119	18

772405	644119	18
772405	644126	18

772405	644126	18
772405	644133	18

772405	644133	18
772405	644140	18

772405	644140	18
772406	644154	18

768644	646203	19
768415	645873	19

768415	645873	19
768415	645873	19

768415	645873	19
768350	645779	19

768415	645873	19
768377	645901	19

768644	646203	19
768604	646253	19

768604	646253	19
768604	646253	19

768604	646253	19
768457	646527	19

768457	646527	19
767845	646847	19

767845	646847	19
767758	646892	19

767758	646892	19
767700	646923	19

767700	646923	19
767374	646750	19

767374	646750	19
767239	646679	19

767374	646750	19
767370	646800	19

767758	646892	19
767957	647235	19

767845	646847	19
767891	646915	19

771440	643240	20
771411	643210	20

771411	643210	20
771382	643207	20

771382	643207	20
771382	643207	20

771382	643207	20
771160	643184	20

771160	643184	20
771123	643178	20

771160	643184	20
771147	643091	20

771147	643091	20
771072	642921	20

771072	642921	20
771120	642872	20

771120	642872	20
771288	642817	20

771288	642817	20
771451	642814	20

771451	642814	20
771318	642468	20

771451	642814	20
771457	642814	20

771072	642921	20
770897	642529	20

771411	643210	20
771348	643145	20

771348	643145	20
771348	643145	20

771348	643145	20
771334	643131	20

772383	644206	21
773197	644211	21

773197	644211	21
773262	643624	21

773262	643624	21
773278	643548	21

773262	643624	21
773332	643602	21

773332	643602	21
773305	643489	21

773305	643489	21
773353	643408	21

773353	643408	21
773213	643079	21

773213	643079	21
773213	643079	21

773213	643079	21
773248	642953	21

773248	642953	21
773272	642863	21

773248	642953	21
773252	642955	21

773252	642955	21
773253	642955	21

773253	642955	21
773342	642986	21

773197	644211	21
773272	644211	21

767957	647235	22
767953	647322	22

767953	647322	22
768047	647984	22

768047	647984	22
767662	648116	22

767662	648116	22
767580	648283	22

767580	648283	22
767345	648266	22

767345	648266	22
767338	648465	22

767345	648266	22
767262	648260	22

767262	648260	22
767220	648275	22

767262	648260	22
767002	647943	22

767580	648283	22
767593	648299	22

768047	647984	22
768063	648103	22

768063	648103	22
767999	648224	22

767953	647322	22
768095	647334	22

771123	643178	23
770776	643119	23

770776	643119	23
769593	642899	23

769593	642899	23
769537	642888	23

769593	642899	23
769592	642854	23

769592	642854	23
769525	642861	23

770776	643119	23
770773	643030	23

771123	643178	23
771122	643180	23

771122	643180	23
771120	643194	23

771120	643194	23
771119	643201	23

771119	643201	23
771118	643215	23

771118	643215	23
771117	643222	23

771117	643222	23
771116	643229	23

771116	643229	23
771115	643236	23

771115	643236	23
771114	643243	23

771114	643243	23
771114	643245	23

771114	643245	23
771114	643250	23

771114	643250	23
771113	643252	23

771113	643252	23
771113	643257	23

771113	643257	23
771112	643259	23

771112	643259	23
771112	643264	23

771112	643264	23
771112	643266	23

771112	643266	23
771111	643271	23

771111	643271	23
771111	643273	23

771111	643273	23
771110	643278	23

769525	642861	24
768660	643561	24

768660	643561	24
768302	643851	24

768302	643851	24
767585	644262	24

768660	643561	25
767927	643139	25

767927	643139	25
767876	643224	25

767927	643139	25
767802	643071	25

767802	643071	25
767666	642995	25

767666	642995	25
766524	642963	25

767802	643071	25
767800	643075	25

