776320	645400	0
776323	645413	0

776323	645413	0
776316	645370	0

776316	645370	0
776326	645341	0

776326	645341	0
776289	645328	0

776289	645328	0
776289	645328	0

776289	645328	0
776270	645320	0

776270	645320	0
776216	645300	0

776216	645300	0
776170	645315	0

776170	645315	0
776150	645361	0

776150	645361	0
776134	645361	0

776134	645361	0
776135	645361	0

776135	645361	0
775800	645340	0

775800	645340	0
775600	645120	0

775600	645120	0
775609	645113	0

775609	645113	0
775610	645113	0

775610	645113	0
775665	645070	0

775600	645120	0
775562	645112	0

775562	645112	0
775567	645098	0

775567	645098	0
775567	645098	0

775567	645098	0
775603	644981	0

775603	644981	0
775660	644979	0

775562	645112	0
775460	645090	0

775460	645090	0
775320	645060	0

775320	645060	0
775169	644961	0

775169	644961	0
775174	644955	0

775174	644955	0
775174	644955	0

775174	644955	0
775220	644900	0

775220	644900	0
775220	644899	0

775169	644961	0
775121	644929	0

775121	644929	0
775107	644930	0

775107	644930	0
775107	644930	0

775107	644930	0
774880	644939	0

775460	645090	0
775488	644977	0

775800	645340	0
775801	645356	0

775801	645356	0
775801	645356	0

775801	645356	0
775807	645418	0

776150	645361	0
776136	645400	0

776136	645400	0
776028	645694	0

776028	645694	0
775943	645929	0

775943	645929	0
775934	645926	0

775943	645929	0
775961	645936	0

775961	645936	0
775961	645936	0

775961	645936	0
776044	645968	0

776044	645968	0
776051	645945	0

776051	645945	0
776051	645945	0

776051	645945	0
776068	645901	0

776068	645901	0
776128	645918	0

776128	645918	0
776190	645941	0

776190	645941	0
776223	645953	0

776223	645953	0
776251	645963	0

776251	645963	0
776276	645973	0

776276	645973	0
776276	645973	0

776276	645973	0
776308	645985	0

776308	645985	0
776369	646008	0

776369	646008	0
776380	646012	0

776369	646008	0
776364	646025	0

776369	646008	0
776404	645920	0

776404	645920	0
776431	645846	0

776431	645846	0
776454	645785	0

776454	645785	0
776422	645771	0

776431	645846	0
776459	645840	0

776459	645840	0
776589	645900	0

776308	645985	0
776343	645898	0

776251	645963	0
776297	645838	0

776190	645941	0
776239	645808	0

776128	645918	0
776177	645784	0

776068	645901	0
776107	645789	0

776044	645968	0
776051	645970	0

776044	645968	0
776018	646036	0

776018	646036	0
776045	646044	0

776045	646044	0
776045	646044	0

776045	646044	0
776078	646055	0

776078	646055	0
776138	646078	0

776138	646078	0
776198	646101	0

776198	646101	0
776257	646122	0

776257	646122	0
776319	646145	0

776319	646145	0
776325	646130	0

776325	646130	0
776325	646130	0

776325	646130	0
776338	646093	0

776338	646093	0
776367	646083	0

776367	646083	0
776408	646098	0

776408	646098	0
776468	646119	0

776468	646119	0
776407	646286	0

776407	646286	0
776452	646304	0

776452	646304	0
776483	646320	0

776483	646320	0
776593	646343	0

776593	646343	0
776692	646363	0

776692	646363	0
776710	646366	0

776692	646363	0
776688	646374	0

776692	646363	0
776697	646347	0

776697	646347	0
776698	646341	0

776698	646341	0
776698	646341	0

776698	646341	0
776703	646308	0

776407	646286	0
776405	646295	0

776407	646286	0
776393	646280	0

776468	646119	0
776474	646104	0

776468	646119	0
776486	646124	0

776486	646124	0
776616	646171	0

776408	646098	0
776401	646119	0

776408	646098	0
776440	646007	0

776319	646145	0
776329	646149	0

776319	646145	0
776295	646202	0

776257	646122	0
776203	646264	0

776198	646101	0
776157	646205	0

776138	646078	0
776097	646183	0

776078	646055	0
776039	646157	0

776018	646036	0
775978	646138	0

776270	645320	0
776263	645338	0

776263	645338	0
776263	645338	0

776263	645338	0
776253	645370	0

775943	645929	1
775923	645984	1

775923	645984	1
775910	646018	1

775910	646018	1
775893	646008	1

775893	646008	1
775893	646008	1

775893	646008	1
775759	645927	1

775910	646018	1
775863	646156	1

775863	646156	1
775865	646198	1

775865	646198	1
775882	646239	1

775882	646239	1
775912	646271	1

775912	646271	1
776010	646309	1

776010	646309	1
776032	646317	1

776032	646317	1
776094	646340	1

776094	646340	1
776083	646369	1

776083	646369	1
776121	646383	1

776121	646383	1
776121	646383	1

776121	646383	1
776458	646508	1

776458	646508	1
776758	646618	1

776758	646618	1
777101	646753	1

777101	646753	1
777195	646813	1

777195	646813	1
777195	646813	1

777195	646813	1
777271	646904	1

777271	646904	1
777303	646950	1

777303	646950	1
777332	646990	1

777332	646990	1
777374	647047	1

777374	647047	1
777385	647062	1

777374	647047	1
777366	647053	1

777366	647053	1
777366	647053	1

777366	647053	1
777303	647101	1

777303	647101	1
777391	647223	1

777391	647223	1
777474	647334	1

777303	647101	1
777265	647131	1

777374	647047	1
777452	646989	1

777452	646989	1
777531	646929	1

777531	646929	1
777615	646869	1

777615	646869	1
777620	646876	1

777615	646869	1
777556	646792	1

777615	646869	1
777660	646837	1

777660	646837	1
777687	646816	1

777687	646816	1
777770	646754	1

777687	646816	1
777674	646804	1

777531	646929	1
777622	647051	1

777622	647051	1
777717	647178	1

777717	647178	1
777725	647189	1

777725	647189	1
777749	647218	1

777725	647189	1
777741	647180	1

777741	647180	1
777747	647176	1

777717	647178	1
777710	647183	1

777717	647178	1
777739	647162	1

777531	646929	1
777500	646889	1

777452	646989	1
777440	646971	1

777452	646989	1
777475	647024	1

777332	646990	1
777388	646947	1

777303	646950	1
777236	647031	1

777236	647031	1
777218	647031	1

777218	647031	1
777126	646986	1

777126	646986	1
777129	646959	1

777236	647031	1
777218	647056	1

777303	646950	1
777383	646854	1

777383	646854	1
777403	646827	1

777403	646827	1
777390	646817	1

777390	646817	1
777390	646817	1

777390	646817	1
777368	646798	1

777271	646904	1
777263	646902	1

777263	646902	1
777262	646902	1

777262	646902	1
777167	646884	1

777167	646884	1
776973	646839	1

776973	646839	1
776966	646878	1

776966	646878	1
776996	646887	1

776973	646839	1
776978	646813	1

776973	646839	1
776907	646821	1

777101	646753	1
777110	646704	1

777110	646704	1
777119	646672	1

776032	646317	1
776004	646372	1

776004	646372	1
776004	646372	1

776004	646372	1
775999	646382	1

775999	646382	1
776117	646426	1

776117	646426	1
776117	646426	1

776117	646426	1
776122	646427	1

776122	646427	1
776206	646463	1

776206	646463	1
776210	646488	1

776210	646488	1
776198	646530	1

776198	646530	1
776177	646580	1

776177	646580	1
776176	646584	1

776176	646584	1
776184	646640	1

776184	646640	1
776167	646633	1

776184	646640	1
776189	646698	1

776189	646698	1
776171	646690	1

776189	646698	1
776192	646721	1

776189	646698	1
776237	646718	1

776184	646640	1
776266	646670	1

776177	646580	1
776284	646619	1

776198	646530	1
776182	646523	1

776198	646530	1
776303	646569	1

776206	646463	1
776267	646488	1

775999	646382	2
775910	646353	2

775910	646353	2
775879	646351	2

775879	646351	2
775849	646355	2

775849	646355	2
775818	646365	2

775818	646365	2
775791	646381	2

775791	646381	2
775765	646402	2

775765	646402	2
775755	646437	2

775755	646437	2
775704	646569	2

775704	646569	2
775690	646607	2

775690	646607	2
775679	646618	2

775679	646618	2
775679	646618	2

775679	646618	2
775596	646693	2

775596	646693	2
775496	646689	2

775496	646689	2
775424	646686	2

775424	646686	2
775425	646701	2

775425	646701	2
775425	646701	2

775425	646701	2
775426	646761	2

775426	646761	2
775427	646789	2

775426	646761	2
775193	646794	2

775424	646686	2
774929	646732	2

774929	646732	2
774929	646732	2

774929	646732	2
774917	646734	2

774917	646734	2
774585	646794	2

774585	646794	2
774573	646773	2

774573	646773	2
774573	646773	2

774573	646773	2
774513	646656	2

774513	646656	2
774510	646648	2

774510	646648	2
774517	646648	2

774517	646648	2
774524	646648	2

774524	646648	2
774531	646648	2

774531	646648	2
774538	646648	2

774538	646648	2
774546	646648	2

774917	646734	2
774913	646730	2

774913	646730	2
774913	646730	2

774913	646730	2
774611	646385	2

774611	646385	2
774585	646357	2

774585	646357	2
774566	646324	2

774566	646324	2
774547	646293	2

774547	646293	2
774480	646136	2

774480	646136	2
774502	646121	2

774502	646121	2
774502	646121	2

774502	646121	2
774653	646014	2

774653	646014	2
774613	645965	2

774613	645965	2
774635	645944	2

774635	645944	2
774749	645891	2

774749	645891	2
774815	645884	2

774815	645884	2
774847	645888	2

774847	645888	2
774885	645893	2

774885	645893	2
774951	645918	2

774951	645918	2
775008	645958	2

775008	645958	2
775055	646013	2

775055	646013	2
775088	646078	2

775088	646078	2
775102	646144	2

775102	646144	2
775105	646182	2

775105	646182	2
775101	646218	2

775101	646218	2
775082	646287	2

774613	645965	2
774505	645871	2

774653	646014	2
774699	646098	2

774699	646098	2
774717	646135	2

774717	646135	2
774738	646206	2

774738	646206	2
774757	646234	2

774480	646136	2
774444	646092	2

774444	646092	2
774413	646063	2

774413	646063	2
774315	646003	2

774315	646003	2
774280	645983	2

774280	645983	2
774150	645845	2

774150	645845	2
774150	645845	2

774150	645845	2
774111	645786	2

774111	645786	2
774111	645786	2

774111	645786	2
774100	645769	2

774100	645769	2
774107	645769	2

774107	645769	2
774114	645769	2

774114	645769	2
774121	645769	2

774121	645769	2
774128	645769	2

774128	645769	2
774135	645769	2

774135	645769	2
774142	645769	2

774142	645769	2
774149	645769	2

774444	646092	2
774420	646110	2

774420	646110	2
774416	646106	2

774416	646106	2
774416	646106	2

774416	646106	2
774399	646090	2

774611	646385	2
774702	646445	2

774702	646445	2
774737	646453	2

775496	646689	2
775496	646676	2

775496	646676	2
775496	646676	2

775496	646676	2
775498	646550	2

775596	646693	2
775620	646628	2

774585	646794	3
774505	646808	3

774505	646808	3
773935	646921	3

773935	646921	3
773230	647070	3

773230	647070	3
772945	647100	3

772945	647100	3
772945	647100	3

772945	647100	3
772100	647200	3

772100	647200	3
772107	647209	3

772107	647209	3
772107	647209	3

772107	647209	3
772245	647391	3

772245	647391	3
772252	647391	3

772100	647200	3
771980	647220	3

771980	647220	3
771939	647227	3

771980	647220	3
771945	647100	3

771945	647100	3
771945	647100	3

771945	647100	3
771620	646110	3

773230	647070	3
773230	647083	3

773230	647083	3
773230	647082	3

773230	647082	3
773230	647150	3

773230	647150	3
773230	647183	3

773230	647183	3
773230	647234	3

773230	647234	3
773230	647279	3

773230	647279	3
773230	647279	3

773230	647279	3
773230	647290	3

773230	647290	3
773294	647286	3

773230	647234	3
773217	647243	3

773217	647243	3
773217	647243	3

773217	647243	3
773181	647268	3

773181	647268	3
773220	647659	3

773230	647150	3
773243	647155	3

773243	647155	3
773243	647155	3

773243	647155	3
773400	647209	3

773935	646921	3
773935	646937	3

773935	646937	3
773935	646937	3

773935	646937	3
773920	647089	3

774505	646808	3
774511	646818	3

774511	646818	3
774511	646819	3

774511	646819	3
774550	646869	3

775690	646607	4
775658	646695	4

775658	646695	4
775670	646703	4

775670	646703	4
775670	646703	4

775670	646703	4
775700	646722	4

775700	646722	4
775866	646732	4

775658	646695	4
775659	646719	4

775659	646719	4
775659	646719	4

775659	646719	4
775683	646772	4

775683	646772	4
775686	646806	4

775686	646806	4
775676	646836	4

775676	646836	4
775657	646861	4

775657	646861	4
775633	646878	4

775633	646878	4
775603	646889	4

775603	646889	4
775580	646904	4

775580	646904	4
775569	646932	4

775569	646932	4
775515	647042	4

775515	647042	4
775498	647086	4

775498	647086	4
775501	647116	4

775501	647116	4
775482	647166	4

775482	647166	4
775499	647173	4

775499	647173	4
775499	647173	4

775499	647173	4
775512	647181	4

775482	647166	4
775458	647233	4

775458	647233	4
775442	647228	4

775442	647228	4
775442	647228	4

775442	647228	4
775259	647162	4

775259	647162	4
775259	647162	4

775259	647162	4
775203	647142	4

775203	647142	4
775196	647142	4

775458	647233	4
775413	647356	4

775413	647356	4
775492	647359	4

775492	647359	4
775492	647359	4

775492	647359	4
775627	647363	4

775627	647363	4
775635	647354	4

775627	647363	4
775621	647369	4

775621	647369	4
775621	647369	4

775621	647369	4
775601	647382	4

775601	647382	4
775526	647424	4

775526	647424	4
775510	647442	4

775510	647442	4
775432	647520	4

775432	647520	4
775354	647599	4

775627	647363	4
775748	647367	4

775748	647367	4
775775	647367	4

775775	647367	4
775785	647359	4

775785	647359	4
775785	647359	4

775785	647359	4
775787	647357	4

775787	647357	4
775814	647289	4

775814	647289	4
775814	647289	4

775814	647289	4
775853	647191	4

775775	647367	4
775854	647370	4

775854	647370	4
775884	647369	4

775884	647369	4
775892	647373	4

775892	647373	4
775896	647364	4

775892	647373	4
776014	647429	4

775892	647373	4
775887	647388	4

775887	647388	4
775887	647388	4

775887	647388	4
775854	647477	4

775854	647477	4
775841	647477	4

775841	647477	4
775841	647477	4

775841	647477	4
775763	647476	4

775763	647476	4
775694	647473	4

775694	647473	4
775685	647473	4

775694	647473	4
775700	647454	4

775694	647473	4
775688	647492	4

775854	647477	4
775872	647478	4

775854	647477	4
775820	647568	4

775820	647568	4
775812	647588	4

775812	647588	4
775808	647596	4

775808	647596	4
775790	647620	4

775790	647620	4
775790	647620	4

775790	647620	4
775766	647651	4

775766	647651	4
775691	647744	4

775691	647744	4
775612	647776	4

775612	647776	4
775542	647800	4

775542	647800	4
775557	647819	4

775557	647819	4
775566	647828	4

775566	647828	4
775566	647828	4

775566	647828	4
775575	647836	4

775575	647836	4
775586	647839	4

775586	647839	4
775604	647845	4

775604	647845	4
775688	647925	4

775688	647925	4
775693	647920	4

775688	647925	4
775647	647968	4

775688	647925	4
775702	647938	4

775586	647839	4
775564	647850	4

775564	647850	4
775536	647880	4

775586	647839	4
775662	647810	4

775662	647810	4
775734	647886	4

775542	647800	4
775528	647815	4

775528	647815	4
775446	647896	4

775766	647651	4
775762	647647	4

775762	647647	4
775762	647646	4

775762	647646	4
775751	647633	4

775812	647588	4
775800	647588	4

775800	647588	4
775800	647588	4

775800	647588	4
775775	647587	4

775775	647587	4
775665	647584	4

775665	647584	4
775606	647580	4

775606	647580	4
775574	647590	4

775574	647590	4
775552	647602	4

775552	647602	4
775435	647681	4

775435	647681	4
775349	647741	4

775820	647568	4
775920	647578	4

775920	647578	4
776052	647594	4

776052	647594	4
776079	647596	4

775633	646878	4
775637	646895	4

775637	646895	4
775637	646895	4

775637	646895	4
775665	647019	4

775683	646772	4
775696	646772	4

775696	646772	4
775696	646772	4

775696	646772	4
775810	646774	4

771939	647227	5
771939	647227	5

771939	647227	5
770293	647441	5

770293	647441	5
769940	647420	5

769940	647420	5
769938	647402	5

769938	647402	5
769938	647402	5

769938	647402	5
769910	647130	5

769910	647130	5
769891	647123	5

769891	647123	5
769891	647123	5

769891	647123	5
769490	646980	5

769490	646980	5
769070	646050	5

769070	646050	5
768944	645807	5

768944	645807	5
769043	645745	5

769043	645745	5
769043	645745	5

769043	645745	5
769067	645730	5

769067	645730	5
769074	645730	5

769074	645730	5
769081	645730	5

769081	645730	5
769088	645730	5

769070	646050	5
769060	646056	5

769060	646056	5
769060	646056	5

769060	646056	5
768703	646267	5

768703	646267	5
768690	646283	5

768690	646283	5
768690	646283	5

768690	646283	5
768659	646320	5

768703	646267	5
768694	646257	5

768694	646257	5
768694	646257	5

768694	646257	5
768644	646203	5

769910	647130	5
769920	647099	5

769940	647420	5
769940	647446	5

769940	647446	5
769940	647446	5

769940	647446	5
769940	647482	5

769940	647482	5
769611	647948	5

771620	646110	6
771680	645900	6

771680	645900	6
771600	645650	6

771600	645650	6
771600	645623	6

771600	645623	6
771600	645500	6

771600	645500	6
771940	644592	6

771940	644592	6
772080	644220	6

772080	644220	6
772050	644140	6

772050	644140	6
772063	644139	6

772063	644139	6
772062	644139	6

772062	644139	6
772379	644173	6

772379	644173	6
772383	644206	6

772383	644206	6
773197	644211	6

773197	644211	6
773262	643624	6

773262	643624	6
773278	643548	6

773262	643624	6
773332	643602	6

773332	643602	6
773305	643489	6

773305	643489	6
773353	643408	6

773353	643408	6
773213	643079	6

773213	643079	6
773213	643079	6

773213	643079	6
773248	642953	6

773248	642953	6
773272	642863	6

773248	642953	6
773252	642955	6

773252	642955	6
773253	642955	6

773253	642955	6
773342	642986	6

773197	644211	6
773272	644211	6

772379	644173	6
772394	644175	6

772394	644175	6
772405	644119	6

772405	644119	6
772405	644126	6

772405	644126	6
772405	644133	6

772405	644133	6
772405	644140	6

772405	644140	6
772406	644154	6

771940	644592	6
771952	644598	6

771952	644598	6
771952	644598	6

771952	644598	6
772000	644619	6

771600	645623	6
771617	645622	6

771617	645622	6
771617	645622	6

771617	645622	6
771700	645619	6

771600	645650	6
771577	645652	6

771577	645652	6
771577	645652	6

771577	645652	6
771473	645660	6

771473	645660	6
771465	645660	6

776014	647429	7
776020	647414	7

776020	647414	7
776020	647414	7

776020	647414	7
776071	647286	7

776071	647286	7
776100	647205	7

776100	647205	7
776145	647084	7

776145	647084	7
776171	647021	7

776171	647021	7
775919	646986	7

776014	647429	7
776063	647447	7

776063	647447	7
776153	647483	7

776153	647483	7
776159	647467	7

776159	647467	7
776159	647467	7

776159	647467	7
776209	647339	7

776209	647339	7
776239	647257	7

776239	647257	7
776280	647148	7

776280	647148	7
776310	647076	7

776310	647076	7
776310	647076	7

776310	647076	7
776310	647075	7

776310	647075	7
776410	646940	7

776410	646940	7
776500	646899	7

776153	647483	7
776136	647528	7

776153	647483	7
776200	647501	7

776200	647501	7
776293	647536	7

776293	647536	7
776308	647541	7

776308	647541	7
776308	647541	7

776308	647541	7
776341	647556	7

776341	647556	7
776358	647561	7

776358	647561	7
776336	647613	7

776358	647561	7
776430	647589	7

776430	647589	7
776580	647643	7

776580	647643	7
776631	647606	7

776631	647606	7
776726	647533	7

776726	647533	7
776783	647487	7

776783	647487	7
776833	647452	7

776833	647452	7
776977	647344	7

776977	647344	7
777026	647305	7

777026	647305	7
777050	647287	7

777050	647287	7
777049	647287	7

777049	647287	7
777118	647237	7

777118	647237	7
777098	647225	7

777098	647225	7
777098	647225	7

777098	647225	7
776972	647153	7

776972	647153	7
776909	647118	7

776909	647118	7
776882	647093	7

776882	647093	7
776826	647075	7

776826	647075	7
776810	647164	7

776810	647164	7
776616	647137	7

776616	647137	7
776618	647131	7

776616	647137	7
776605	647136	7

776616	647137	7
776606	647163	7

776810	647164	7
776834	647167	7

776810	647164	7
776799	647249	7

776826	647075	7
776722	647054	7

776722	647054	7
776620	647056	7

777118	647237	7
777128	647229	7

777118	647237	7
777126	647242	7

777126	647242	7
777153	647265	7

777153	647265	7
777174	647290	7

777174	647290	7
777277	647420	7

777277	647420	7
777360	647531	7

777026	647305	7
777094	647419	7

777094	647419	7
777130	647480	7

777130	647480	7
777123	647486	7

777123	647486	7
777093	647502	7

777093	647502	7
777030	647528	7

777130	647480	7
777193	647589	7

777193	647589	7
777215	647622	7

776783	647487	7
776720	647383	7

776720	647383	7
776685	647323	7

776685	647323	7
776689	647319	7

776689	647319	7
776689	647319	7

776689	647319	7
776701	647306	7

776726	647533	7
776783	647628	7

776783	647628	7
776796	647650	7

776796	647650	7
776733	647668	7

776733	647668	7
776739	647677	7

776739	647677	7
776739	647677	7

776739	647677	7
776784	647744	7

776726	647533	7
776678	647455	7

776430	647589	7
776452	647535	7

776293	647536	7
776324	647450	7

776324	647450	7
776331	647415	7

776331	647415	7
776342	647388	7

776342	647388	7
776380	647286	7

776014	647429	7
775998	647477	7

768644	646203	8
768415	645873	8

768415	645873	8
768415	645873	8

768415	645873	8
768350	645779	8

768415	645873	8
768377	645901	8

768644	646203	8
768604	646253	8

768604	646253	8
768604	646253	8

768604	646253	8
768457	646527	8

768457	646527	8
767845	646847	8

767845	646847	8
767758	646892	8

767758	646892	8
767700	646923	8

767700	646923	8
767374	646750	8

767374	646750	8
767239	646679	8

767374	646750	8
767370	646800	8

767758	646892	8
767957	647235	8

767957	647235	8
767953	647322	8

767953	647322	8
768047	647984	8

768047	647984	8
767662	648116	8

767662	648116	8
767580	648283	8

767580	648283	8
767345	648266	8

767345	648266	8
767338	648465	8

767345	648266	8
767262	648260	8

767262	648260	8
767220	648275	8

767262	648260	8
767002	647943	8

767580	648283	8
767593	648299	8

768047	647984	8
768063	648103	8

768063	648103	8
767999	648224	8

767953	647322	8
768095	647334	8

767845	646847	8
767891	646915	8

772050	644140	9
771870	643640	9

771870	643640	9
771440	643240	9

771440	643240	9
771451	643232	9

771451	643232	9
771451	643232	9

771451	643232	9
771990	642829	9

771440	643240	9
771411	643210	9

771411	643210	9
771382	643207	9

771382	643207	9
771382	643207	9

771382	643207	9
771160	643184	9

771160	643184	9
771123	643178	9

771123	643178	9
770776	643119	9

770776	643119	9
769593	642899	9

770776	643119	9
770773	643030	9

771123	643178	9
771122	643180	9

771122	643180	9
771120	643194	9

771120	643194	9
771119	643201	9

771119	643201	9
771118	643215	9

771118	643215	9
771117	643222	9

771117	643222	9
771116	643229	9

771116	643229	9
771115	643236	9

771115	643236	9
771114	643243	9

771114	643243	9
771114	643245	9

771114	643245	9
771114	643250	9

771114	643250	9
771113	643252	9

771113	643252	9
771113	643257	9

771113	643257	9
771112	643259	9

771112	643259	9
771112	643264	9

771112	643264	9
771112	643266	9

771112	643266	9
771111	643271	9

771111	643271	9
771111	643273	9

771111	643273	9
771110	643278	9

771160	643184	9
771147	643091	9

771147	643091	9
771072	642921	9

771072	642921	9
771120	642872	9

771120	642872	9
771288	642817	9

771288	642817	9
771451	642814	9

771451	642814	9
771318	642468	9

771451	642814	9
771457	642814	9

771072	642921	9
770897	642529	9

771411	643210	9
771348	643145	9

771348	643145	9
771348	643145	9

771348	643145	9
771334	643131	9

769593	642899	10
769537	642888	10

769593	642899	10
769592	642854	10

769592	642854	10
769525	642861	10

769525	642861	10
768660	643561	10

768660	643561	10
768302	643851	10

768302	643851	10
767585	644262	10

768660	643561	10
767927	643139	10

767927	643139	10
767876	643224	10

767927	643139	10
767802	643071	10

767802	643071	10
767666	642995	10

767666	642995	10
766524	642963	10

767802	643071	10
767800	643075	10

