776320	645400	0
776323	645413	0

776323	645413	0
776330	645374	0

776330	645374	0
776347	645331	0

776347	645331	0
776353	645333	0

776353	645333	0
776353	645333	0

776353	645333	0
776385	645346	0

776385	645346	0
776389	645327	0

776389	645327	0
776389	645327	0

776389	645327	0
776394	645304	0

776385	645346	0
776417	645360	0

776417	645360	0
776440	645365	0

776440	645365	0
776456	645269	0

776456	645269	0
776465	645235	0

776465	645235	0
776472	645200	0

776472	645200	0
776452	645197	0

776452	645197	0
776452	645197	0

776452	645197	0
776432	645194	0

776472	645200	0
776489	645111	0

776489	645111	0
776501	645108	0

776501	645108	0
776592	645101	0

776592	645101	0
776629	645099	0

776629	645099	0
776626	645114	0

776626	645114	0
776626	645114	0

776626	645114	0
776624	645129	0

776629	645099	0
776662	645099	0

776662	645099	0
776690	645098	0

776690	645098	0
776689	645113	0

776689	645113	0
776689	645113	0

776689	645113	0
776688	645132	0

776690	645098	0
776723	645098	0

776723	645098	0
776752	645105	0

776752	645105	0
776752	645126	0

776752	645126	0
776752	645128	0

776752	645128	0
776752	645128	0

776752	645128	0
776751	645157	0

776751	645157	0
776736	645155	0

776736	645155	0
776736	645155	0

776736	645155	0
776721	645153	0

776751	645157	0
776751	645192	0

776751	645192	0
776751	645228	0

776751	645228	0
776754	645256	0

776754	645256	0
776754	645259	0

776754	645259	0
776737	645255	0

776737	645255	0
776737	645255	0

776737	645255	0
776720	645250	0

776754	645259	0
776752	645317	0

776752	645317	0
776767	645318	0

776767	645318	0
776767	645318	0

776767	645318	0
776783	645318	0

776752	645317	0
776754	645353	0

776751	645192	0
776743	645195	0

776743	645195	0
776743	645195	0

776743	645195	0
776722	645203	0

776752	645105	0
776806	645122	0

776806	645122	0
776930	645207	0

776930	645207	0
776995	645254	0

776995	645254	0
776994	645264	0

776994	645264	0
776994	645264	0

776994	645264	0
776984	645383	0

776984	645383	0
776977	645414	0

776995	645254	0
777131	645349	0

777131	645349	0
777132	645340	0

777131	645349	0
777107	645501	0

777107	645501	0
777111	645502	0

777111	645502	0
777111	645502	0

777111	645502	0
777134	645501	0

777131	645349	0
777154	645367	0

777154	645367	0
777172	645384	0

777172	645384	0
777175	645387	0

777175	645387	0
777201	645380	0

777201	645380	0
777208	645379	0

777208	645379	0
777208	645379	0

777208	645379	0
777227	645377	0

777175	645387	0
777193	645408	0

777193	645408	0
777193	645408	0

777193	645408	0
777230	645457	0

777230	645457	0
777252	645484	0

776930	645207	0
776928	645283	0

776806	645122	0
776833	645216	0

776723	645098	0
776722	645113	0

776722	645113	0
776722	645113	0

776722	645113	0
776721	645131	0

776489	645111	0
776300	645148	0

776300	645148	0
776306	645188	0

776300	645148	0
776296	645128	0

776296	645128	0
776296	645128	0

776296	645128	0
776292	645104	0

776465	645235	0
776477	645239	0

776477	645239	0
776477	645239	0

776477	645239	0
776495	645244	0

776465	645235	0
776483	645269	0

776483	645269	0
776627	645334	0

776627	645334	0
776646	645293	0

777252	645484	1
777278	645463	1

777278	645463	1
777278	645463	1

777278	645463	1
777319	645432	1

777319	645432	1
777355	645400	1

777355	645400	1
777307	645379	1

777307	645379	1
777284	645375	1

777284	645375	1
777271	645177	1

777355	645400	1
777436	645450	1

777436	645450	1
777449	645432	1

777449	645432	1
777480	645347	1

777480	645347	1
777482	645310	1

777436	645450	1
777412	645476	1

777252	645484	1
777379	645654	1

777379	645654	1
777401	645681	1

777401	645681	1
777403	645683	1

777403	645683	1
777431	645721	1

777431	645721	1
777451	645702	1

777451	645702	1
777540	645639	1

777540	645639	1
777557	645609	1

777431	645721	1
777509	645830	1

777509	645830	1
777550	645880	1

777550	645880	1
777618	645831	1

777618	645831	1
777663	645797	1

777663	645797	1
777648	645777	1

777663	645797	1
777706	645858	1

777618	645831	1
777623	645838	1

777618	645831	1
777597	645804	1

777550	645880	1
777428	645974	1

777428	645974	1
777371	646015	1

777371	646015	1
777377	646034	1

777377	646034	1
777377	646034	1

777377	646034	1
777387	646065	1

777550	645880	1
777630	645996	1

777630	645996	1
777665	646045	1

777665	646045	1
777726	646129	1

777726	646129	1
777739	646118	1

777739	646118	1
777739	646118	1

777739	646118	1
777815	646061	1

777815	646061	1
777931	645973	1

777931	645973	1
777953	645955	1

777931	645973	1
777892	645928	1

777892	645928	1
777798	645822	1

777798	645822	1
777792	645826	1

777798	645822	1
777781	645798	1

777798	645822	1
777840	645783	1

777840	645783	1
777899	645712	1

777899	645712	1
777947	645665	1

777947	645665	1
777969	645638	1

777931	645973	1
778019	646092	1

777726	646129	1
777644	646190	1

777644	646190	1
777667	646222	1

777665	646045	1
777710	646014	1

777710	646014	1
777755	645983	1

777726	646129	2
777747	646160	2

777747	646160	2
777816	646253	2

777816	646253	2
777825	646265	2

777825	646265	2
777825	646265	2

777825	646265	2
777840	646285	2

777840	646285	2
777821	646299	2

777840	646285	2
777856	646273	2

777840	646285	2
777862	646321	2

777862	646321	2
777902	646374	2

777902	646374	2
777961	646456	2

777961	646456	2
778035	646559	2

778035	646559	2
778133	646490	2

778035	646559	2
777976	646603	2

778035	646559	2
778080	646619	2

778080	646619	2
778094	646641	2

778094	646641	2
778088	646645	2

778094	646641	2
778102	646652	2

778102	646652	2
778102	646652	2

778102	646652	2
778152	646723	2

778152	646723	2
778227	646669	2

778152	646723	2
778066	646789	2

778152	646723	2
778156	646730	2

778156	646730	2
778212	646806	2

778212	646806	2
778323	646728	2

778323	646728	2
778349	646707	2

778349	646707	2
778456	646624	2

778456	646624	2
778510	646580	2

778510	646580	2
778516	646586	2

778510	646580	2
778592	646519	2

778510	646580	2
778419	646456	2

778349	646707	2
778250	646577	2

778212	646806	2
778232	646835	2

778232	646835	2
778256	646864	2

778212	646806	2
778181	646832	2

778181	646832	2
778121	646875	2

778094	646641	2
778135	646611	2

778135	646611	2
778188	646571	2

777961	646456	2
777945	646467	2

777945	646467	2
777945	646467	2

777945	646467	2
777921	646485	2

777921	646485	2
777810	646566	2

777810	646566	2
777801	646554	2

777801	646554	2
777801	646554	2

777801	646554	2
777787	646538	2

777810	646566	2
777754	646608	2

777961	646456	2
778057	646387	2

777902	646374	2
777996	646305	2

777996	646305	2
777998	646302	2

777902	646374	2
777780	646465	2

777816	646253	2
777827	646243	2

777827	646243	2
777827	646243	2

777827	646243	2
777843	646230	2

778592	646519	3
778639	646485	3

778639	646485	3
778629	646471	3

778629	646471	3
778629	646471	3

778629	646471	3
778615	646450	3

778639	646485	3
778737	646414	3

778737	646414	3
778892	646299	3

778892	646299	3
779027	646194	3

779027	646194	3
779027	646194	3

779027	646194	3
779056	646174	3

779056	646174	3
779101	646138	3

779101	646138	3
779108	646148	3

779108	646148	3
779108	646148	3

779108	646148	3
779162	646219	3

779101	646138	3
779047	646065	3

779101	646138	3
779154	646098	3

779154	646098	3
779201	646064	3

779201	646064	3
779192	646053	3

779192	646053	3
779192	646053	3

779192	646053	3
779180	646039	3

779154	646098	3
779145	646083	3

779145	646083	3
779145	646083	3

779145	646083	3
779132	646061	3

778592	646519	3
778644	646588	3

778644	646588	3
778644	646588	3

778644	646588	3
778653	646603	3

778653	646603	3
778674	646588	3

778674	646588	3
778674	646588	3

778674	646588	3
778797	646494	3

778797	646494	3
778957	646376	3

778957	646376	3
779115	646256	3

779115	646256	3
779141	646234	3

778653	646603	3
778693	646656	3

778693	646656	3
778714	646684	3

778714	646684	3
778734	646669	3

778734	646669	3
778734	646669	3

778734	646669	3
778789	646628	3

778789	646628	3
778777	646604	3

778789	646628	3
778808	646667	3

778789	646628	3
778865	646571	3

778865	646571	3
779014	646460	3

779014	646460	3
779176	646339	3

779176	646339	3
779206	646313	3

778714	646684	3
778678	646710	3

778714	646684	3
778740	646719	3

778740	646719	3
778774	646767	3

778774	646767	3
778766	646773	3

778774	646767	3
778820	646732	3

778820	646732	3
778820	646733	3

778820	646733	3
778823	646728	3

778823	646728	3
778871	646692	3

778774	646767	3
778801	646804	3

778801	646804	3
778835	646848	3

778835	646848	3
778885	646915	3

778835	646848	3
778829	646852	3

778835	646848	3
778870	646823	3

778870	646823	3
778870	646823	3

778870	646823	3
778915	646787	3

778653	646603	3
778538	646690	3

778592	646519	3
778581	646503	3

778581	646503	3
778543	646452	3

779162	646219	4
779170	646213	4

779170	646213	4
779170	646213	4

779170	646213	4
779244	646157	4

779244	646157	4
779278	646132	4

779278	646132	4
779325	646097	4

779325	646097	4
779307	646070	4

779325	646097	4
779381	646057	4

779381	646057	4
779392	646048	4

779392	646048	4
779352	645992	4

779352	645992	4
779346	645998	4

779352	645992	4
779348	645987	4

779352	645992	4
779459	645913	4

779392	646048	4
779407	646068	4

779407	646068	4
779510	645974	4

779510	645974	4
779585	645910	4

779585	645910	4
779572	645893	4

779572	645893	4
779579	645887	4

779579	645887	4
779579	645887	4

779579	645887	4
779595	645872	4

779244	646157	4
779208	646111	4

779162	646219	4
779223	646301	4

779223	646301	4
779206	646313	4

779223	646301	4
779232	646294	4

779232	646294	4
779232	646294	4

779232	646294	4
779339	646215	4

779339	646215	4
779387	646179	4

779387	646179	4
779453	646263	4

779453	646263	4
779445	646268	4

779453	646263	4
779471	646250	4

779471	646250	4
779471	646250	4

779471	646250	4
779534	646202	4

779534	646202	4
779555	646178	4

779555	646178	4
779564	646155	4

779564	646155	4
779594	646134	4

779453	646263	4
779458	646272	4

779387	646179	4
779472	646114	4

779472	646114	4
779588	646030	4

779588	646030	4
779617	646007	4

779617	646007	4
779627	646018	4

779627	646018	4
779627	646018	4

779627	646018	4
779645	646036	4

779387	646179	4
779372	646157	4

779223	646301	4
779285	646383	4

779285	646383	4
779265	646396	4

779265	646396	4
779265	646396	4

779265	646396	4
779203	646446	4

779203	646446	4
779208	646452	4

779203	646446	4
779156	646481	4

779156	646481	4
778996	646600	4

778996	646600	4
778900	646671	4

778900	646671	4
778872	646690	4

779203	646446	4
779169	646394	4

779285	646383	4
779347	646465	4

779347	646465	4
779363	646453	4

779363	646453	4
779362	646453	4

779362	646453	4
779472	646373	4

779347	646465	4
779394	646528	4

779347	646465	4
779336	646472	4

779336	646472	4
779336	646472	4

779336	646472	4
779309	646495	4

779309	646495	4
779230	646555	4

779230	646555	4
779148	646616	4

779148	646616	4
778985	646736	4

778985	646736	4
778917	646786	4

779285	646383	4
779316	646361	4

779162	646219	4
779141	646234	4

779201	646064	5
779212	646055	5

779212	646055	5
779274	646002	5

779274	646002	5
779517	645823	5

779517	645823	5
779500	645798	5

779500	645798	5
779500	645798	5

779500	645798	5
779497	645794	5

779497	645794	5
779486	645803	5

779497	645794	5
779453	645734	5

779453	645734	5
779446	645739	5

779453	645734	5
779427	645700	5

779427	645700	5
779428	645674	5

779428	645674	5
779438	645640	5

779453	645734	5
779503	645691	5

779497	645794	5
779542	645758	5

779517	645823	5
779740	645656	5

779740	645656	5
779847	645575	5

779847	645575	5
779932	645508	5

779932	645508	5
779991	645461	5

779991	645461	5
779991	645461	5

779991	645461	5
780024	645437	5

780024	645437	5
780060	645411	5

780060	645411	5
780338	645395	5

780338	645395	5
780435	645434	5

780435	645434	5
780453	645444	5

780453	645444	5
780453	645444	5

780453	645444	5
780454	645475	5

780454	645475	5
780660	645585	5

780660	645585	5
780690	645729	5

780435	645434	5
780477	645378	5

780477	645378	5
780486	645385	5

780486	645385	5
780494	645405	5

780494	645405	5
780497	645400	5

780497	645400	5
780743	645562	5

780494	645405	5
780498	645407	5

780477	645378	5
780458	645360	5

780458	645360	5
780449	645338	5

780449	645338	5
780438	645342	5

780438	645342	5
780438	645342	5

780438	645342	5
780425	645347	5

780449	645338	5
780418	645253	5

780418	645253	5
780434	645232	5

779932	645508	5
779922	645489	5

779922	645489	5
779922	645489	5

779922	645489	5
779907	645458	5

779907	645458	5
779907	645458	5

779907	645458	5
779902	645448	5

779847	645575	5
779940	645219	5

779212	646055	5
779201	646042	5

779201	646042	5
779201	646042	5

779201	646042	5
779191	646029	5

780434	645232	6
780384	645080	6

780384	645080	6
780742	644812	6

780742	644812	6
780791	644752	6

780791	644752	6
780977	644498	6

780977	644498	6
781003	644463	6

781003	644463	6
781454	643856	6

781454	643856	6
781447	643726	6

781447	643726	6
781460	643528	6

781460	643528	6
781514	643311	6

781514	643311	6
781619	643110	6

781619	643110	6
781619	643110	6

781003	644463	6
781010	644470	6

781010	644470	6
781025	644552	6

780977	644498	6
780979	644508	6

780979	644508	6
780979	644508	6

780979	644508	6
780992	644582	6

780992	644582	6
781045	644709	6

781045	644709	6
781052	644709	6

780791	644752	6
780840	644779	6

780742	644812	6
780504	644707	6

780504	644707	6
780440	644679	6

780504	644707	6
780510	644689	6

780434	645232	6
780478	645299	6

780478	645299	6
780478	645299	6

780478	645299	6
780752	645204	6

780752	645204	6
780769	645228	6

780769	645228	6
780792	645259	6

780792	645259	6
780781	645263	6

780781	645263	6
780788	645271	6

780792	645259	6
780800	645270	6

780769	645228	6
780791	645218	6

781619	643110	7
781732	643035	7

781732	643035	7
781575	643021	7

781575	643021	7
781575	643021	7

781575	643021	7
780040	642920	7

781732	643035	7
781748	643036	7

781748	643036	7
781748	643036	7

781748	643036	7
783260	643120	7

783260	643120	7
783471	643180	7

783471	643180	7
783583	643108	7

783583	643108	7
783637	643119	7

780040	642920	8
780046	642915	8

780046	642915	8
780046	642915	8

780046	642915	8
780867	642117	8

780867	642117	8
780904	642141	8

780904	642141	8
780970	642089	8

780040	642920	8
778750	642820	8

778750	642820	8
778740	642767	8

778740	642767	8
778740	642767	8

778740	642767	8
778710	642599	8

778750	642820	8
778450	642800	8

778450	642800	9
778227	642535	9

778227	642535	9
778158	642453	9

778158	642453	9
778159	642432	9

778159	642432	9
778159	642432	9

778159	642432	9
778162	642385	9

778162	642385	9
778220	642359	9

778158	642453	9
778116	642404	9

778116	642404	9
778098	642414	9

778098	642414	9
778097	642414	9

778097	642414	9
778005	642464	9

778005	642464	9
777895	642512	9

777895	642512	9
777820	642509	9

778005	642464	9
778038	642538	9

778116	642404	9
777694	641988	9

777694	641988	9
777611	641589	9

777611	641589	9
777657	641500	9

777657	641500	9
777657	641500	9

777657	641500	9
777693	641428	9

777693	641428	9
777694	641408	9

777694	641408	9
777694	641408	9

777694	641408	9
777700	641220	9

777693	641428	9
777663	641430	9

777663	641430	9
777663	641430	9

777663	641430	9
777545	641437	9

778227	642535	9
778235	642532	9

778235	642532	9
778235	642532	9

778235	642532	9
778310	642499	9

778450	642800	9
778464	642783	9

778464	642783	9
778464	642782	9

778464	642782	9
778531	642696	9

778531	642696	9
778500	642399	9

777545	641437	10
777467	641448	10

777467	641448	10
777448	641450	10

777448	641450	10
777448	641450	10

777448	641450	10
777266	641486	10

777467	641448	10
777480	641426	10

777480	641426	10
777480	641426	10

777480	641426	10
777570	641279	10

777545	641437	10
777510	641605	10

777510	641605	10
777510	641605	10

777510	641605	10
776924	643225	10

776924	643225	10
776914	643225	10

776914	643225	10
776914	643225	10

776914	643225	10
776848	643227	10

776924	643225	10
776883	643351	10

776883	643351	10
776875	643386	10

776875	643386	10
776862	643419	10

776862	643419	10
776833	643494	10

776833	643494	10
776770	643700	10

776770	643700	10
776920	643950	10

776920	643950	10
776880	644010	10

776880	644010	10
776846	644008	10

777266	641486	11
777280	641579	11

777266	641486	11
777125	641513	11

777125	641513	11
777120	641489	11

777120	641489	11
777120	641489	11

777120	641489	11
776993	640837	11

777125	641513	11
776984	641539	11

776984	641539	11
776974	641527	11

776974	641527	11
776974	641527	11

776974	641527	11
776931	641472	11

776984	641539	11
775580	641800	11

775580	641800	11
774750	641830	11

774750	641830	12
774325	641860	12

774325	641860	12
773784	641893	12

773784	641893	12
773787	641904	12

773787	641904	12
773787	641904	12

773787	641904	12
773850	642129	12

774325	641860	12
774324	641884	12

774324	641884	12
774324	641885	12

774324	641885	12
774310	642289	12

774750	641830	12
774750	641815	12

774750	641815	12
774750	641815	12

774750	641815	12
774795	639885	12

773784	641893	13
772793	641920	13

772793	641920	13
772793	641920	13

772793	641920	13
771860	641940	13

771860	641940	13
770760	641160	13

770760	641160	13
770766	641147	13

770766	641147	13
770766	641147	13

770766	641147	13
770840	640979	13

774795	639885	14
774769	639884	14

774769	639884	14
774769	639884	14

774769	639884	14
774589	639885	14

774589	639885	14
774590	639867	14

774590	639867	14
774590	639868	14

774590	639868	14
774590	639810	14

774590	639810	14
774590	639809	14

774589	639885	14
774330	639900	14

774330	639900	14
773637	639750	14

773637	639750	14
773637	639750	14

773637	639750	14
773410	639749	14

774795	639885	14
774800	639500	14

774800	639500	14
774850	639200	14

774850	639200	14
774840	639050	14

774840	639050	14
774852	639044	14

774840	639050	14
774840	638800	14

770760	641160	15
770061	640671	15

770061	640671	15
769760	640460	15

769760	640460	15
769758	640471	15

769758	640471	15
769758	640471	15

769758	640471	15
769710	640729	15

769760	640460	15
769700	640420	15

769700	640420	15
769677	640425	15

769677	640425	15
769676	640425	15

769676	640425	15
769538	640452	15

769538	640452	15
769531	640452	15

769531	640452	15
769524	640452	15

769524	640452	15
769517	640452	15

769517	640452	15
769503	640451	15

769700	640420	15
769640	640380	15

769640	640380	15
769650	640369	15

769650	640369	15
769650	640368	15

769650	640368	15
769705	640308	15

769705	640308	15
769712	640308	15

769640	640380	15
769570	640171	15

769570	640171	15
769300	639365	15

769300	639365	15
769315	639356	15

769315	639356	15
769315	639356	15

769315	639356	15
769462	639273	15

769462	639273	15
769469	639273	15

769469	639273	15
769476	639273	15

769476	639273	15
769483	639273	15

769483	639273	15
769490	639273	15

769490	639273	15
769497	639273	15

769300	639365	15
769292	639364	15

769292	639364	15
769292	639364	15

769292	639364	15
769255	639360	15

769255	639360	15
769080	639270	15

769255	639360	15
769250	639373	15

769570	640171	15
769470	640199	15

770061	640671	15
770120	640630	15

774852	639044	16
774852	639044	16

774852	639044	16
775740	638640	16

775740	638640	16
776192	638444	16

776192	638444	16
776277	638402	16

776277	638402	16
776329	638464	16

776329	638464	16
776329	638464	16

776329	638464	16
777060	639330	16

777060	639330	16
777075	639331	16

777075	639331	16
777075	639331	16

777060	639330	16
777108	639399	16

777108	639399	16
777108	639399	16

777108	639399	16
777150	639460	16

776277	638402	16
776324	638375	16

776324	638375	16
776324	638375	16

776324	638375	16
776530	638259	16

775740	638640	16
775740	638625	16

775740	638625	16
775740	638626	16

775740	638626	16
775740	638609	16

774840	638800	17
774660	637920	17

774660	637920	17
774530	637300	17

774660	637920	17
774616	637908	17

774616	637908	17
774616	637908	17

774616	637908	17
774511	637880	17

774511	637880	17
774512	637880	17

774512	637880	17
772820	637419	17

776192	638444	18
776177	638375	18

776177	638375	18
776177	638375	18

776177	638375	18
776270	636960	18

776270	636960	18
776275	636860	18

776275	636860	18
776245	636831	18

776245	636831	18
776245	636831	18

776245	636831	18
776168	636754	18

776168	636754	18
776178	636743	18

776178	636743	18
776178	636743	18

776178	636743	18
776262	636647	18

776168	636754	18
776138	636724	18

776270	636960	18
776277	636959	18

776277	636959	18
776277	636959	18

776277	636959	18
776533	636911	18

776533	636911	18
776532	636903	18

776532	636903	18
776525	636903	18

776525	636903	18
776518	636903	18

776518	636903	18
776511	636903	18

777075	639331	19
778713	639485	19

778713	639485	19
778800	639493	19

778800	639493	19
778911	639733	19

778911	639733	19
779231	639736	19

779231	639736	19
779298	639832	19

779298	639832	19
779231	639914	19

779231	639914	19
779201	640392	19

778713	639485	19
778733	639349	19

778733	639349	19
778692	639265	19

778692	639265	19
778548	639206	19

776533	636911	20
777608	636711	20

777608	636711	20
777667	636620	20

777667	636620	20
777679	636903	20

777679	636903	20
777682	636954	20

777682	636954	20
777592	637008	20

777679	636903	20
777649	636904	20

777667	636620	20
777778	636603	20

777778	636603	20
778485	635821	20

778485	635821	20
778630	635746	20

